1.000073e+04	2.631836e-01	6.430664e-01	2.631836e-01
5.941772e-01	5.481539e-01	6.363487e-01	2.379523e+00
1.580002e+00	6.133575e-01	6.133575e-01	1.580002e+00
2.379523e+00	6.363487e-01	5.481539e-01	5.941772e-01
7.073636e-01	3.751767e-01	6.452184e-01	-7.557154e-03
4.120152e-01	5.731945e-01	6.344493e-01	1.676947e+00
1.441857e+00	6.203804e-01	6.075043e-01	2.668185e+00
2.698209e+01	6.426466e-01	5.101537e-01	6.627239e-01
6.938310e-01	4.662809e-01	6.349444e-01	-8.719530e-01
-5.268916e-01	5.895601e-01	6.279596e-01	1.478065e+00
1.478279e+00	6.276254e-01	5.892108e-01	-5.264215e-01
-8.717113e-01	6.350743e-01	4.664050e-01	6.933353e-01
6.639230e-01	5.107813e-01	6.400836e-01	2.698282e+01
2.674195e+00	6.023060e-01	6.202301e-01	1.441196e+00
1.683034e+00	6.322232e-01	5.667066e-01	4.146423e-01
-8.140922e-03	6.431991e-01	3.807606e-01	7.043827e-01
7.126427e-01	3.034186e-01	6.434059e-01	2.158074e-01
5.646505e-01	5.539631e-01	6.344689e-01	2.080026e+00
1.519510e+00	6.154426e-01	6.112069e-01	1.677640e+00
2.837821e+00	6.372690e-01	5.411384e-01	6.156652e-01
7.052085e-01	4.138547e-01	6.416839e-01	-1.280890e-01
3.157415e-01	5.757439e-01	6.317706e-01	1.608765e+00
1.437769e+00	6.228016e-01	5.985338e-01	4.568711e+00
-7.631893e+00	6.386190e-01	5.057362e-01	6.712741e-01
6.876932e-01	4.791827e-01	6.390557e-01	-1.487373e+00
-1.838884e+00	5.931164e-01	6.259076e-01	1.455854e+00
1.509680e+00	6.291832e-01	5.852770e-01	-5.889396e-02
-5.141083e-01	6.428177e-01	4.511384e-01	6.991622e-01
6.491085e-01	5.229630e-01	6.382419e-01	5.994602e+00
2.098571e+00	6.060386e-01	6.213600e-01	1.455760e+00
1.778988e+00	6.346805e-01	5.665780e-01	4.800222e-01
8.353474e-02	6.427687e-01	3.685971e-01	7.096942e-01
7.119007e-01	3.383365e-01	6.425686e-01	1.536822e-01
5.277594e-01	5.587093e-01	6.326064e-01	1.909292e+00
1.480497e+00	6.182373e-01	6.148735e-01	1.828767e+00
3.710487e+00	6.361497e-01	5.321822e-01	6.362998e-01
6.963688e-01	4.326120e-01	6.487195e-01	-2.903111e-01
1.768086e-01	5.767285e-01	6.314994e-01	1.549666e+00
1.445063e+00	6.269752e-01	5.941397e-01	-2.472290e+01
-2.808725e+00	6.394819e-01	4.967070e-01	6.810679e-01
6.811347e-01	4.923415e-01	6.417673e-01	-2.806833e+00
-2.472002e+01	6.006915e-01	6.224244e-01	1.441835e+00
1.545906e+00	6.315696e-01	5.797457e-01	1.791883e-01
-2.908141e-01	6.436353e-01	4.344704e-01	6.968579e-01
6.342484e-01	5.315218e-01	6.354038e-01	3.711131e+00
1.826641e+00	6.134304e-01	6.161701e-01	1.479089e+00
1.911335e+00	6.326314e-01	5.604324e-01	5.297625e-01
1.555773e-01	6.434281e-01	3.404337e-01	7.111132e-01
7.106638e-01	3.684328e-01	6.436081e-01	8.353829e-02
4.782625e-01	5.667644e-01	6.351052e-01	1.777883e+00
1.454669e+00	6.219761e-01	6.059598e-01	2.097525e+00
5.994982e+00	6.387739e-01	5.243512e-01	6.490144e-01
6.981671e-01	4.516503e-01	6.431821e-01	-5.158216e-01
-5.946732e-02	5.848941e-01	6.295728e-01	1.510531e+00
1.456812e+00	6.259097e-01	5.928260e-01	-1.838956e+00
-1.487276e+00	6.393674e-01	4.797977e-01	6.876200e-01
6.715883e-01	5.044153e-01	6.395203e-01	-7.630290e+00
4.566737e+00	5.998804e-01	6.236468e-01	1.437343e+00
1.606921e+00	6.308453e-01	5.761933e-01	3.165683e-01
-1.275942e-01	6.419719e-01	4.144434e-01	7.040420e-01
6.154458e-01	5.402188e-01	6.376171e-01	2.837716e+00
1.677678e+00	6.103861e-01	6.153173e-01	1.519034e+00
2.081532e+00	6.359834e-01	5.549634e-01	5.648471e-01
2.151156e-01	6.429056e-01	3.030495e-01	7.122666e-01
7.284544e-01	1.994612e-01	6.822383e-01	2.498181e-01
5.362492e-01	5.816865e-01	6.022773e-01	2.270010e+00
1.544889e+00	5.999098e-01	6.149750e-01	1.624942e+00
2.459055e+00	6.435510e-01	5.478974e-01	6.065485e-01
6.873053e-01	5.384743e-01	5.659895e-01	-9.567933e-03
4.677217e-01	4.170030e-01	5.780548e-01	1.807311e+00
1.482777e+00	5.998350e-01	3.627054e-01	2.992530e+00
-1.253552e+03	4.367268e-01	7.883417e-01	6.254951e-01
7.292861e-01	5.048368e-01	6.708316e-01	-9.926655e-01
-6.820897e-01	5.758302e-01	5.706846e-01	1.451452e+00
1.476342e+00	6.564621e-01	6.221457e-01	-3.735533e-01
-7.709040e-01	6.088571e-01	4.300130e-01	6.208248e-01
6.185433e-01	5.273514e-01	6.461713e-01	1.381716e+01
2.519911e+00	6.816809e-01	6.113228e-01	1.469096e+00
1.682732e+00	6.049668e-01	5.840011e-01	4.875552e-01
-4.570080e-03	6.239878e-01	4.386754e-01	7.090726e-01
7.204452e-01	3.088893e-01	6.296651e-01	2.261200e-01
5.579879e-01	6.385245e-01	6.700238e-01	1.963365e+00
1.520198e+00	6.272095e-01	6.209073e-01	1.656383e+00
2.982234e+00	6.669889e-01	5.241040e-01	6.314804e-01
7.403165e-01	4.089004e-01	6.137741e-01	-1.746026e-01
2.989665e-01	6.151759e-01	6.074216e-01	1.582994e+00
1.437526e+00	6.879730e-01	6.051357e-01	6.037464e+00
-5.536146e+00	6.793987e-01	5.242497e-01	6.802276e-01
6.626742e-01	4.778593e-01	5.986881e-01	-1.738644e+00
-2.676704e+00	5.748906e-01	6.547554e-01	1.451789e+00
1.530267e+00	5.833116e-01	5.862661e-01	1.550264e-02
-3.984247e-01	6.354830e-01	4.448481e-01	6.806809e-01
6.733204e-01	5.079299e-01	6.357407e-01	5.087732e+00
1.987106e+00	6.268694e-01	6.216447e-01	1.449027e+00
1.804027e+00	6.538686e-01	5.475304e-01	5.155343e-01
1.049968e-01	6.590879e-01	3.028037e-01	7.755750e-01
7.253464e-01	3.763899e-01	6.426558e-01	1.748964e-01
5.046212e-01	5.195061e-01	6.123842e-01	1.881614e+00
1.445777e+00	6.064094e-01	6.362701e-01	1.870292e+00
4.043112e+00	6.899634e-01	5.602121e-01	6.367084e-01
6.952964e-01	4.059930e-01	6.800691e-01	-3.519644e-01
1.536438e-01	5.980817e-01	5.951002e-01	1.560285e+00
1.441681e+00	6.237471e-01	5.591984e-01	-7.439611e+00
-2.410651e+00	5.963244e-01	4.838684e-01	6.542092e-01
6.785897e-01	4.931974e-01	6.368808e-01	-3.359365e+00
2.562306e+01	6.384241e-01	6.306568e-01	1.417339e+00
1.542825e+00	6.253438e-01	5.329596e-01	2.195618e-01
-2.321922e-01	5.969030e-01	4.307817e-01	7.125647e-01
6.312823e-01	5.345796e-01	7.165869e-01	3.477667e+00
1.800851e+00	6.419345e-01	5.707081e-01	1.506529e+00
1.932941e+00	6.272091e-01	5.651586e-01	5.292132e-01
1.922580e-01	6.169300e-01	3.409742e-01	7.263307e-01
6.705455e-01	4.092642e-01	6.553137e-01	4.652475e-02
4.442046e-01	6.175539e-01	6.285834e-01	1.713874e+00
1.452998e+00	6.479876e-01	6.091128e-01	2.236223e+00
7.296624e+00	6.467802e-01	5.051116e-01	6.529351e-01
7.230519e-01	4.583532e-01	5.937045e-01	-5.434298e-01
-1.033843e-01	5.952749e-01	5.988613e-01	1.526003e+00
1.459984e+00	6.276336e-01	5.439040e-01	-1.302503e+00
-1.287226e+00	6.199586e-01	4.632895e-01	6.856892e-01
6.380450e-01	4.690794e-01	6.763262e-01	-1.180179e+01
3.766778e+00	5.609521e-01	6.202058e-01	1.474763e+00
1.600209e+00	5.999101e-01	5.459565e-01	3.816232e-01
-1.049336e-01	5.379676e-01	3.872075e-01	6.954502e-01
6.625066e-01	5.495786e-01	6.398487e-01	2.682901e+00
1.673460e+00	5.916196e-01	6.060985e-01	1.554840e+00
2.191970e+00	6.228447e-01	5.988154e-01	5.681421e-01
2.218355e-01	5.960302e-01	3.079300e-01	6.853328e-01
7.120488e-01	2.840722e-01	6.424429e-01	2.402852e-01
5.795258e-01	5.525791e-01	6.351108e-01	2.224777e+00
1.544897e+00	6.151970e-01	6.124605e-01	1.618660e+00
2.576821e+00	6.355963e-01	5.466137e-01	6.038330e-01
7.080545e-01	4.061855e-01	6.421682e-01	-6.395310e-02
3.734729e-01	5.718431e-01	6.308808e-01	1.643621e+00
1.441677e+00	6.236264e-01	5.981257e-01	3.273097e+00
-2.424094e+01	6.344620e-01	5.137866e-01	6.650818e-01
6.910603e-01	4.735780e-01	6.404245e-01	-1.131919e+00
-9.802532e-01	5.906169e-01	6.278134e-01	1.466371e+00
1.492813e+00	6.260894e-01	5.878674e-01	-2.461672e-01
-6.741172e-01	6.452312e-01	4.583523e-01	6.949497e-01
6.567423e-01	5.168856e-01	6.389825e-01	9.443561e+00
2.323980e+00	6.053929e-01	6.189212e-01	1.448567e+00
1.727510e+00	6.341775e-01	5.748842e-01	4.477941e-01
4.002504e-02	6.418794e-01	3.816364e-01	7.069321e-01
7.122921e-01	3.214456e-01	6.438296e-01	1.893340e-01
5.479821e-01	5.568155e-01	6.332862e-01	1.994368e+00
1.497050e+00	6.153175e-01	6.093765e-01	1.743073e+00
3.193619e+00	6.371394e-01	5.392344e-01	6.268715e-01
7.062558e-01	4.256198e-01	6.416796e-01	-2.040514e-01
2.556160e-01	5.792241e-01	6.301868e-01	1.578447e+00
1.438555e+00	6.242615e-01	5.985510e-01	9.311646e+00
-4.259032e+00	6.375077e-01	4.994452e-01	6.761254e-01
6.847993e-01	4.872221e-01	6.388366e-01	-1.999793e+00
-4.085641e+00	5.924452e-01	6.242670e-01	1.447289e+00
1.530525e+00	6.308292e-01	5.829548e-01	7.716977e-02
-4.315791e-01	6.430476e-01	4.426218e-01	6.998428e-01
6.423646e-01	5.272288e-01	6.384905e-01	4.524294e+00
1.942224e+00	6.098076e-01	6.193404e-01	1.465969e+00
1.842724e+00	6.387567e-01	5.633097e-01	5.056898e-01
1.218817e-01	6.428397e-01	3.539858e-01	7.097473e-01
7.095872e-01	3.531141e-01	6.411761e-01	1.195424e-01
5.057782e-01	5.660682e-01	6.385711e-01	1.838943e+00
1.463305e+00	6.202225e-01	6.075685e-01	1.942930e+00
4.524078e+00	6.380390e-01	5.289130e-01	6.409443e-01
6.998662e-01	4.407268e-01	6.436646e-01	-4.311431e-01
7.615371e-02	5.817777e-01	6.316794e-01	1.530970e+00
1.448540e+00	6.249671e-01	5.947728e-01	-4.085556e+00
-2.000158e+00	6.405607e-01	4.895588e-01	6.844758e-01
6.780811e-01	4.981092e-01	6.403055e-01	-4.257691e+00
9.309942e+00	5.988134e-01	6.266046e-01	1.439146e+00
1.578508e+00	6.307637e-01	5.774514e-01	2.558729e-01
-2.009114e-01	6.432777e-01	4.235844e-01	7.072471e-01
6.263692e-01	5.377997e-01	6.366952e-01	3.192962e+00
1.744119e+00	6.078459e-01	6.154043e-01	1.496520e+00
1.994471e+00	6.332669e-01	5.581224e-01	5.489322e-01
1.874405e-01	6.427877e-01	3.215057e-01	7.115809e-01
7.113796e-01	3.827778e-01	6.404611e-01	3.968114e-02
4.467037e-01	5.723565e-01	6.339712e-01	1.725648e+00
1.446379e+00	6.217035e-01	6.039934e-01	2.318693e+00
9.442199e+00	6.431386e-01	5.216866e-01	6.559826e-01
6.956499e-01	4.586034e-01	6.441691e-01	-6.740578e-01
-2.448935e-01	5.865877e-01	6.244188e-01	1.493688e+00
1.466314e+00	6.265648e-01	5.913775e-01	-9.787027e-01
-1.131338e+00	6.387112e-01	4.737216e-01	6.913340e-01
6.659979e-01	5.069098e-01	6.400924e-01	-2.423684e+01
3.271126e+00	6.017592e-01	6.232946e-01	1.440765e+00
1.641756e+00	6.304399e-01	5.727841e-01	3.762181e-01
-6.227603e-02	6.422266e-01	4.053398e-01	7.050673e-01
6.049546e-01	5.408300e-01	6.379843e-01	2.576143e+00
1.618669e+00	6.101848e-01	6.129691e-01	1.547053e+00
2.224935e+00	6.378470e-01	5.509991e-01	5.792059e-01
2.398267e-01	6.436884e-01	2.837543e-01	7.140767e-01
7.093759e-01	2.526944e-01	6.359668e-01	2.671363e-01
5.353541e-01	5.236081e-01	6.573589e-01	2.197240e+00
1.522715e+00	5.921588e-01	5.086494e-01	1.645797e+00
2.670224e+00	6.059830e-01	5.211291e-01	6.411940e-01
7.110466e-01	4.360817e-01	6.878209e-01	-1.452516e-01
3.463097e-01	5.591356e-01	6.134346e-01	1.633241e+00
1.391204e+00	6.233459e-01	5.964229e-01	3.804745e+00
-1.181644e+01	6.787729e-01	5.356698e-01	6.365593e-01
6.910763e-01	4.569255e-01	6.453343e-01	-1.283674e+00
-1.327477e+00	5.926726e-01	6.300997e-01	1.500926e+00
1.548489e+00	6.077937e-01	5.500019e-01	-1.524798e-01
-6.318781e-01	6.256045e-01	4.682141e-01	7.298563e-01
6.434518e-01	5.006381e-01	6.587103e-01	7.308475e+00
2.207951e+00	6.586871e-01	6.282205e-01	1.452807e+00
1.724115e+00	6.491564e-01	5.241550e-01	4.582659e-01
1.063027e-01	6.298933e-01	4.087796e-01	7.045312e-01
6.812450e-01	3.247532e-01	6.340386e-01	2.087842e-01
5.119108e-01	5.510489e-01	5.876912e-01	1.891856e+00
1.451607e+00	6.161157e-01	6.016955e-01	1.820270e+00
3.444558e+00	6.633504e-01	5.412030e-01	5.954805e-01
7.086015e-01	4.601427e-01	6.866554e-01	-2.678317e-01
2.497538e-01	5.735338e-01	6.034931e-01	1.551196e+00
1.395143e+00	6.079972e-01	6.086264e-01	2.564404e+01
-3.395131e+00	6.749101e-01	4.950727e-01	7.083597e-01
6.359236e-01	5.216660e-01	6.576440e-01	-2.337192e+00
-7.472295e+00	5.970580e-01	6.740882e-01	1.523780e+00
1.567432e+00	6.419629e-01	5.520909e-01	1.487670e-01
-3.313454e-01	6.380703e-01	4.226928e-01	6.937502e-01
6.333721e-01	5.284181e-01	6.890525e-01	4.065091e+00
1.884611e+00	6.095566e-01	5.713772e-01	1.480888e+00
1.828481e+00	6.075457e-01	5.392228e-01	5.204597e-01
1.837361e-01	6.228821e-01	3.229437e-01	7.182185e-01
7.199877e-01	3.467404e-01	6.736369e-01	8.614001e-02
5.020294e-01	5.764545e-01	6.487280e-01	1.755466e+00
1.541030e+00	6.221060e-01	5.282933e-01	2.048127e+00
5.144190e+00	6.596683e-01	5.125863e-01	6.414178e-01
7.011155e-01	4.678187e-01	6.147125e-01	-4.566470e-01
-4.452930e-03	6.117872e-01	5.814070e-01	1.516173e+00
1.521377e+00	5.699755e-01	6.085625e-01	-2.638441e+00
-1.735586e+00	6.561467e-01	4.838036e-01	7.078357e-01
6.669197e-01	4.776003e-01	6.199193e-01	-5.563816e+00
5.975353e+00	5.958278e-01	6.155392e-01	1.484557e+00
1.594082e+00	5.849739e-01	5.879150e-01	2.882149e-01
-1.802793e-01	6.043555e-01	4.206841e-01	7.448588e-01
6.287370e-01	5.600293e-01	6.738223e-01	2.989876e+00
1.715374e+00	6.723794e-01	6.124799e-01	1.550598e+00
2.080519e+00	6.454314e-01	5.479963e-01	5.337453e-01
2.298855e-01	6.339551e-01	2.854129e-01	7.001997e-01
8.344798e-01	4.918759e-01	6.595396e-01	6.345312e-02
4.136647e-01	4.547912e-01	6.768397e-01	1.755238e+00
1.440059e+00	6.812485e-01	5.728220e-01	2.313825e+00
1.375049e+01	6.939996e-01	5.543962e-01	6.921987e-01
7.479640e-01	4.685538e-01	6.267353e-01	-8.233796e-01
-3.373576e-01	5.699252e-01	5.628146e-01	1.537597e+00
1.546821e+00	6.674429e-01	5.863700e-01	-7.459783e-01
-9.800871e-01	6.969437e-01	4.348265e-01	5.988858e-01
6.582848e-01	3.934191e-01	6.553042e-01	-1.253359e+03
2.812629e+00	5.391696e-01	6.443885e-01	1.452207e+00
1.727435e+00	5.603965e-01	5.095644e-01	5.491929e-01
-3.749401e-02	6.237260e-01	5.558116e-01	5.359789e-01
6.531800e-01	4.656871e-01	6.771651e-01	2.511059e+00
1.487812e+00	5.080312e-01	5.739925e-01	1.519123e+00
2.293893e+00	6.765921e-01	6.174314e-01	4.862748e-01
2.393115e-01	6.377772e-01	2.591271e-01	7.613790e-01
7.135088e-01	2.677391e-01	6.416161e-01	2.595613e-01
5.940148e-01	5.514793e-01	6.319456e-01	2.359221e+00
1.575433e+00	6.172266e-01	6.137510e-01	1.586644e+00
2.400612e+00	6.359285e-01	5.509994e-01	5.951068e-01
7.072700e-01	3.840868e-01	6.463522e-01	-1.268258e-02
4.068463e-01	5.718521e-01	6.347157e-01	1.669418e+00
1.442655e+00	6.166761e-01	6.149267e-01	2.725605e+00
3.593478e+01	6.447741e-01	5.123526e-01	6.617486e-01
6.919832e-01	4.682345e-01	6.378449e-01	-8.991539e-01
-5.749782e-01	5.871789e-01	6.285814e-01	1.471297e+00
1.480218e+00	6.245801e-01	5.892868e-01	-4.858331e-01
-8.448030e-01	6.284484e-01	4.666017e-01	6.966437e-01
6.666358e-01	5.117444e-01	6.414841e-01	2.166884e+01
2.617039e+00	5.971402e-01	6.165094e-01	1.441762e+00
1.689380e+00	6.317506e-01	5.666589e-01	4.140808e-01
5.400877e-04	6.456574e-01	3.316151e-01	7.041896e-01
7.106937e-01	3.039809e-01	6.436586e-01	2.150279e-01
5.589998e-01	5.544495e-01	6.326785e-01	2.079171e+00
1.521032e+00	6.172266e-01	6.150935e-01	1.683200e+00
2.878041e+00	6.401724e-01	5.377617e-01	6.167557e-01
7.080076e-01	4.164524e-01	6.419138e-01	-1.384339e-01
3.130180e-01	5.753494e-01	6.312385e-01	1.604409e+00
1.437132e+00	6.251377e-01	5.978475e-01	4.842766e+00
-6.983927e+00	6.394066e-01	5.036775e-01	6.715980e-01
6.860912e-01	4.737501e-01	6.374126e-01	-1.540703e+00
-2.000614e+00	5.941949e-01	6.262855e-01	1.455434e+00
1.508111e+00	6.263567e-01	5.912417e-01	-3.926990e-02
-4.970489e-01	6.424625e-01	4.494761e-01	6.993947e-01
6.489615e-01	5.214614e-01	6.878970e-01	5.749952e+00
2.074829e+00	6.074680e-01	6.174119e-01	1.457935e+00
1.785938e+00	6.339219e-01	5.701270e-01	4.844101e-01
9.066552e-02	6.436641e-01	3.671595e-01	7.102635e-01
7.129158e-01	3.419346e-01	6.411210e-01	1.435245e-01
5.193516e-01	5.567086e-01	6.334094e-01	1.899467e+00
1.479106e+00	6.211860e-01	6.171530e-01	1.838872e+00
3.793359e+00	6.337247e-01	5.336175e-01	6.367553e-01
7.003857e-01	4.312037e-01	6.473726e-01	-3.072505e-01
1.613459e-01	5.763728e-01	6.313436e-01	1.546736e+00
1.443110e+00	6.291236e-01	5.926580e-01	-1.604268e+01
-2.683425e+00	6.412316e-01	4.911414e-01	6.836533e-01
6.817677e-01	4.952724e-01	6.437406e-01	-2.942851e+00
-5.150586e+01	6.017955e-01	6.240292e-01	1.437772e+00
1.546456e+00	6.341006e-01	5.783614e-01	1.920708e-01
-2.831460e-01	6.442951e-01	4.326198e-01	6.934526e-01
6.319825e-01	5.312859e-01	6.359939e-01	3.634459e+00
1.813465e+00	5.996653e-01	6.159075e-01	1.482731e+00
1.923690e+00	6.343931e-01	5.621617e-01	5.304302e-01
1.553175e-01	6.399202e-01	3.381804e-01	7.113374e-01
7.122654e-01	3.704929e-01	6.447142e-01	7.319447e-02
4.748950e-01	5.669735e-01	6.326299e-01	1.768339e+00
1.453695e+00	6.206904e-01	6.030958e-01	2.121225e+00
6.270282e+00	6.410013e-01	5.256043e-01	6.536738e-01
6.953318e-01	4.506664e-01	6.399811e-01	-5.347921e-01
-7.942770e-02	5.868395e-01	6.279469e-01	1.505710e+00
1.455613e+00	6.259453e-01	5.908310e-01	-1.690670e+00
-1.434828e+00	6.406959e-01	4.848835e-01	6.889146e-01
6.699465e-01	5.082231e-01	6.385338e-01	-8.394884e+00
4.331072e+00	5.961282e-01	6.240634e-01	1.439956e+00
1.610214e+00	6.342560e-01	5.778704e-01	3.187783e-01
-1.237667e-01	6.413187e-01	4.145365e-01	7.054829e-01
6.147137e-01	5.449445e-01	6.356221e-01	2.799084e+00
1.671136e+00	6.130429e-01	6.171176e-01	1.524700e+00
2.126388e+00	6.336504e-01	5.537666e-01	5.693016e-01
2.166625e-01	6.418966e-01	3.004733e-01	7.116065e-01
7.108783e-01	2.698414e-01	6.467778e-01	2.466590e-01
5.855359e-01	5.562093e-01	6.344612e-01	2.273494e+00
1.555266e+00	6.140682e-01	6.094854e-01	1.603270e+00
2.499727e+00	6.386938e-01	5.490449e-01	6.216742e-01
7.078445e-01	4.020562e-01	6.329319e-01	-3.644820e-02
3.973585e-01	5.556637e-01	6.309049e-01	1.668104e+00
1.444807e+00	6.193605e-01	5.871252e-01	3.006611e+00
-9.382334e+01	6.217434e-01	5.318004e-01	6.633809e-01
6.956826e-01	4.736133e-01	6.434999e-01	-1.025700e+00
-7.752387e-01	5.896574e-01	6.231251e-01	1.469268e+00
1.487646e+00	6.299331e-01	5.880065e-01	-3.392085e-01
-7.420343e-01	6.449697e-01	4.581782e-01	6.871796e-01
6.613871e-01	5.172560e-01	6.428878e-01	1.233303e+01
2.438274e+00	6.092896e-01	6.217159e-01	1.445849e+00
1.706666e+00	6.332355e-01	5.572214e-01	4.450179e-01
1.600298e-02	6.410483e-01	3.941739e-01	7.077927e-01
7.147348e-01	3.103390e-01	6.450331e-01	1.763746e-01
5.560302e-01	5.642440e-01	6.391780e-01	2.020370e+00
1.510721e+00	6.204770e-01	6.112167e-01	1.714347e+00
3.043613e+00	6.400051e-01	5.367239e-01	6.232528e-01
7.089540e-01	4.201684e-01	6.391645e-01	-1.779027e-01
2.826421e-01	5.802407e-01	6.264525e-01	1.584418e+00
1.436061e+00	6.293311e-01	5.980570e-01	6.551636e+00
-5.154684e+00	6.427840e-01	5.075361e-01	6.733688e-01
6.845016e-01	4.851075e-01	6.393172e-01	-1.786126e+00
-2.921268e+00	5.935306e-01	6.285450e-01	1.449521e+00
1.527654e+00	6.259020e-01	5.843710e-01	3.326742e-02
-4.211852e-01	6.400046e-01	4.480525e-01	6.983388e-01
6.400880e-01	5.215717e-01	6.378911e-01	4.958895e+00
1.994512e+00	6.115852e-01	6.167654e-01	1.461291e+00
1.818852e+00	6.395250e-01	5.655195e-01	4.973062e-01
1.092258e-01	6.443069e-01	3.566322e-01	7.125674e-01
7.137767e-01	3.473488e-01	6.418053e-01	1.386254e-01
5.109957e-01	5.625122e-01	6.688656e-01	1.865772e+00
1.464510e+00	6.167254e-01	6.092490e-01	1.898283e+00
4.167197e+00	6.400435e-01	5.288219e-01	6.354770e-01
6.970542e-01	4.395046e-01	6.446970e-01	-3.571098e-01
1.170915e-01	5.794548e-01	6.288607e-01	1.545458e+00
1.449766e+00	6.253541e-01	5.919368e-01	-6.256017e+00
-2.259575e+00	6.380115e-01	4.892215e-01	6.810713e-01
6.750428e-01	4.961020e-01	6.430793e-01	-3.589731e+00
1.753192e+01	6.009150e-01	6.248927e-01	1.438533e+00
1.563620e+00	6.295531e-01	5.727169e-01	2.310886e-01
-2.287452e-01	6.388878e-01	4.280212e-01	7.041044e-01
6.303690e-01	5.245394e-01	6.427806e-01	3.369565e+00
1.774426e+00	6.121928e-01	6.127884e-01	1.495200e+00
1.959447e+00	6.336501e-01	5.593148e-01	5.421633e-01
1.776886e-01	6.428582e-01	3.280309e-01	7.147820e-01
7.052251e-01	3.821861e-01	6.440108e-01	6.086774e-02
4.618716e-01	5.715430e-01	6.325326e-01	1.744131e+00
1.447976e+00	6.124938e-01	6.093497e-01	2.227435e+00
7.715203e+00	6.452663e-01	5.228037e-01	6.525894e-01
6.989506e-01	4.570533e-01	6.414572e-01	-6.070552e-01
-1.659537e-01	5.867517e-01	6.282617e-01	1.500450e+00
1.461699e+00	6.243087e-01	5.863514e-01	-1.228062e+00
-1.251468e+00	6.373003e-01	4.745263e-01	6.898000e-01
6.660874e-01	5.086139e-01	6.374106e-01	-1.361381e+01
3.626745e+00	5.965998e-01	6.210961e-01	1.437906e+00
1.625316e+00	6.281038e-01	5.704446e-01	3.563921e-01
-9.465596e-02	6.342511e-01	4.117305e-01	7.033252e-01
6.115490e-01	5.409286e-01	6.369710e-01	2.664518e+00
1.664171e+00	6.124476e-01	6.149801e-01	1.534859e+00
2.174833e+00	6.349865e-01	5.563396e-01	5.704126e-01
2.313354e-01	6.374328e-01	2.901254e-01	7.086769e-01
7.134473e-01	2.851936e-01	6.462483e-01	2.379766e-01
5.774966e-01	5.524376e-01	6.339231e-01	2.211456e+00
1.545207e+00	6.136911e-01	6.105991e-01	1.628719e+00
2.603002e+00	6.385111e-01	5.470806e-01	6.061898e-01
7.110394e-01	4.008984e-01	6.440326e-01	-6.947633e-02
3.693445e-01	5.720506e-01	6.320791e-01	1.638877e+00
1.464623e+00	6.260122e-01	6.010684e-01	3.378667e+00
-1.930348e+01	6.299483e-01	5.148615e-01	6.645137e-01
6.876926e-01	4.735081e-01	6.424725e-01	-1.173399e+00
-1.058192e+00	5.911342e-01	6.286625e-01	1.464214e+00
1.497597e+00	6.305801e-01	5.899739e-01	-2.186180e-01
-6.533800e-01	6.437734e-01	4.555769e-01	6.975687e-01
6.540740e-01	5.181335e-01	6.388231e-01	8.782297e+00
2.288009e+00	6.070544e-01	6.172572e-01	1.447830e+00
1.736279e+00	6.351421e-01	5.676284e-01	4.505694e-01
4.885231e-02	6.437543e-01	3.830355e-01	7.030374e-01
7.114285e-01	3.257644e-01	6.428530e-01	1.881879e-01
5.407069e-01	5.567138e-01	6.370567e-01	1.986836e+00
1.493492e+00	6.159949e-01	6.064390e-01	1.750097e+00
3.245872e+00	6.374561e-01	5.395024e-01	6.297042e-01
7.055510e-01	4.274748e-01	6.425204e-01	-2.114090e-01
2.434750e-01	5.836667e-01	6.295417e-01	1.577783e+00
1.437469e+00	6.247568e-01	5.991125e-01	1.096024e+01
-4.018352e+00	6.403622e-01	5.005779e-01	6.695419e-01
6.830325e-01	4.897182e-01	6.369209e-01	-2.080635e+00
-4.650265e+00	5.937625e-01	6.262300e-01	1.444157e+00
1.532512e+00	6.328031e-01	5.871265e-01	9.057181e-02
-3.946130e-01	6.435552e-01	4.445457e-01	6.994975e-01
6.425639e-01	5.298695e-01	6.351496e-01	4.399723e+00
1.927915e+00	6.175563e-01	6.212496e-01	1.467708e+00
1.848594e+00	6.428506e-01	5.635754e-01	5.095364e-01
1.281946e-01	6.431178e-01	3.523207e-01	7.092606e-01
7.060041e-01	3.542907e-01	6.418870e-01	1.158806e-01
5.026894e-01	5.635166e-01	6.381342e-01	1.832596e+00
1.461931e+00	6.199212e-01	6.083306e-01	1.960848e+00
4.659356e+00	6.355792e-01	5.273882e-01	6.435573e-01
6.991211e-01	4.424364e-01	6.450794e-01	-3.665540e-01
5.754478e-02	5.842036e-01	6.288864e-01	1.527076e+00
1.448072e+00	6.258434e-01	5.973863e-01	-3.622665e+00
-1.927189e+00	6.410362e-01	4.907687e-01	6.831804e-01
6.749501e-01	4.971426e-01	6.360470e-01	-4.525484e+00
8.124948e+00	5.998825e-01	6.237322e-01	1.438153e+00
1.582169e+00	6.295655e-01	5.750157e-01	2.613709e-01
-1.922100e-01	6.422799e-01	4.231189e-01	7.070930e-01
6.244375e-01	5.358440e-01	6.391117e-01	3.140291e+00
1.734782e+00	6.105547e-01	6.154478e-01	1.499553e+00
2.009607e+00	6.323716e-01	5.590482e-01	5.467738e-01
1.900016e-01	6.435174e-01	3.224176e-01	7.139552e-01
7.158707e-01	3.840352e-01	6.413726e-01	3.342165e-02
4.395414e-01	5.864010e-01	6.334590e-01	1.715087e+00
1.446421e+00	6.258308e-01	6.034209e-01	2.352113e+00
1.022739e+01	6.487351e-01	5.215335e-01	6.585016e-01
6.962826e-01	4.558070e-01	6.454016e-01	-6.960459e-01
-2.724989e-01	5.868250e-01	6.267003e-01	1.491218e+00
1.468944e+00	6.274576e-01	5.911827e-01	-9.086016e-01
-1.093217e+00	6.411328e-01	4.684657e-01	6.893099e-01
6.679309e-01	5.032837e-01	6.412860e-01	-3.237386e+01
3.171146e+00	6.006960e-01	6.192362e-01	1.438258e+00
1.649842e+00	6.293813e-01	5.717572e-01	3.825867e-01
-5.529983e-02	6.441373e-01	4.065729e-01	7.060469e-01
6.052766e-01	5.349509e-01	6.372891e-01	2.545978e+00
1.610050e+00	6.085783e-01	6.110459e-01	1.553662e+00
2.242044e+00	6.402369e-01	5.533530e-01	5.823402e-01
2.485117e-01	6.436534e-01	2.810719e-01	7.153719e-01
7.105588e-01	2.961330e-01	6.421985e-01	2.195339e-01
5.780043e-01	5.522535e-01	6.314343e-01	2.139269e+00
1.529460e+00	6.167194e-01	6.239870e-01	1.659322e+00
2.733976e+00	6.378144e-01	5.503858e-01	6.078281e-01
7.045949e-01	4.072897e-01	6.414096e-01	-1.045555e-01
3.456503e-01	5.744359e-01	6.368104e-01	1.620073e+00
1.443620e+00	6.238410e-01	6.005440e-01	3.939990e+00
-1.042767e+01	6.343063e-01	5.040051e-01	6.684810e-01
6.913793e-01	4.798920e-01	6.397929e-01	-1.341833e+00
-1.442730e+00	5.886915e-01	6.261222e-01	1.456459e+00
1.494398e+00	6.317703e-01	5.890170e-01	-1.224200e-01
-5.662790e-01	6.419380e-01	4.488017e-01	6.933409e-01
6.514480e-01	5.192597e-01	6.387965e-01	6.907315e+00
2.173111e+00	6.015024e-01	6.245973e-01	1.453652e+00
1.761811e+00	6.302637e-01	5.737511e-01	4.723802e-01
6.205841e-02	6.491116e-01	3.787228e-01	7.094827e-01
7.208841e-01	3.348835e-01	6.467331e-01	1.659072e-01
5.456357e-01	5.582402e-01	6.329662e-01	1.939556e+00
1.487738e+00	6.204100e-01	6.017800e-01	1.791847e+00
3.491184e+00	6.364851e-01	5.340844e-01	6.312225e-01
7.099119e-01	4.281909e-01	6.249010e-01	-2.594921e-01
2.049936e-01	5.969968e-01	6.274600e-01	1.553778e+00
1.447098e+00	6.174623e-01	6.011686e-01	4.934533e+01
-3.243689e+00	6.429027e-01	4.919141e-01	6.739995e-01
6.867134e-01	4.901830e-01	6.347342e-01	-2.459840e+00
-9.176801e+00	6.002263e-01	6.195253e-01	1.436789e+00
1.503524e+00	6.275003e-01	5.812982e-01	1.413373e-01
-3.245778e-01	6.428251e-01	4.401092e-01	7.021915e-01
6.331131e-01	5.268480e-01	6.339912e-01	3.969503e+00
1.864822e+00	6.055982e-01	6.227090e-01	1.471216e+00
1.885677e+00	6.242974e-01	5.637112e-01	5.225657e-01
1.413179e-01	6.400702e-01	3.487267e-01	7.182603e-01
7.109039e-01	3.616103e-01	6.435757e-01	1.035384e-01
4.848886e-01	5.653907e-01	6.370000e-01	1.809123e+00
1.454071e+00	6.233380e-01	6.141468e-01	2.027441e+00
5.323246e+00	6.366325e-01	5.266930e-01	6.410265e-01
7.008295e-01	4.452089e-01	6.473965e-01	-4.627329e-01
-6.260915e-03	5.826664e-01	6.347776e-01	1.516711e+00
1.445918e+00	6.337220e-01	5.943221e-01	-2.398549e+00
-1.659054e+00	6.380043e-01	4.893633e-01	6.848004e-01
6.761065e-01	5.060862e-01	6.431125e-01	-5.938465e+00
5.543702e+00	6.017224e-01	6.264506e-01	1.432954e+00
1.599085e+00	6.328534e-01	5.724132e-01	2.928071e-01
-1.526463e-01	6.475096e-01	4.187557e-01	6.937183e-01
6.219561e-01	5.372682e-01	6.327749e-01	2.958463e+00
1.699829e+00	6.057409e-01	6.124765e-01	1.505587e+00
2.054474e+00	6.346488e-01	5.585059e-01	5.593996e-01
2.068979e-01	6.457825e-01	3.174616e-01	7.114806e-01
6.959417e-01	3.951482e-01	6.423894e-01	1.161131e-02
4.254436e-01	5.766201e-01	6.303340e-01	1.696297e+00
1.440517e+00	6.160856e-01	6.087727e-01	2.532248e+00
1.565367e+01	6.341730e-01	5.084700e-01	6.555854e-01
6.896750e-01	4.638241e-01	6.880299e-01	-7.861865e-01
-4.127467e-01	5.906619e-01	6.379610e-01	1.481887e+00
1.470930e+00	6.290518e-01	5.871771e-01	-6.694141e-01
-9.652203e-01	6.310076e-01	4.765126e-01	7.036552e-01
6.648571e-01	5.237390e-01	6.393479e-01	1.123324e+02
2.866443e+00	6.047959e-01	6.190321e-01	1.439987e+00
1.653271e+00	6.403286e-01	5.697452e-01	3.873731e-01
-2.985038e-02	6.421613e-01	3.800018e-01	7.190561e-01
5.932110e-01	5.534954e-01	6.293719e-01	2.446037e+00
1.602120e+00	6.181111e-01	6.122882e-01	1.567190e+00
2.315417e+00	6.326629e-01	5.446195e-01	5.955082e-01
2.583062e-01	6.483821e-01	2.753822e-01	7.062600e-01
7.054181e-01	2.546906e-01	6.340809e-01	2.306652e-01
5.903157e-01	5.634924e-01	6.494134e-01	2.321860e+00
1.616654e+00	6.134710e-01	6.410126e-01	1.591889e+00
2.426909e+00	6.699164e-01	5.623636e-01	5.389477e-01
6.987398e-01	3.501541e-01	6.195295e-01	-1.967497e-02
4.171933e-01	5.878687e-01	6.261516e-01	1.620335e+00
1.381159e+00	6.141091e-01	6.380371e-01	2.795577e+00
5.422265e+01	6.404982e-01	4.830084e-01	6.670633e-01
7.060411e-01	4.699792e-01	6.745292e-01	-9.015241e-01
-6.003709e-01	5.880401e-01	6.187430e-01	1.473659e+00
1.460770e+00	6.242644e-01	5.758413e-01	-4.127898e-01
-8.341858e-01	6.252422e-01	4.776452e-01	6.787639e-01
6.263132e-01	5.359406e-01	6.346990e-01	1.818585e+01
2.573566e+00	6.313355e-01	6.239809e-01	1.445076e+00
1.695791e+00	6.619545e-01	5.750373e-01	4.167266e-01
3.955602e-02	6.558331e-01	4.282123e-01	7.627488e-01
7.025052e-01	3.156801e-01	6.358835e-01	2.016896e-01
5.748610e-01	5.230141e-01	6.467163e-01	2.069016e+00
1.504709e+00	6.073824e-01	5.892628e-01	1.662739e+00
2.922101e+00	6.524295e-01	5.456622e-01	6.132315e-01
6.708777e-01	4.120581e-01	6.716254e-01	-1.390818e-01
3.016286e-01	5.853518e-01	6.593004e-01	1.640451e+00
1.441183e+00	5.867184e-01	5.975392e-01	5.150519e+00
-6.425128e+00	6.317338e-01	5.074214e-01	6.765349e-01
7.326090e-01	4.670034e-01	6.076410e-01	-1.593487e+00
-2.180328e+00	5.857665e-01	6.376839e-01	1.433047e+00
1.525648e+00	6.309454e-01	6.185051e-01	-2.947291e-02
-5.104175e-01	6.551466e-01	4.303750e-01	6.841521e-01
6.445547e-01	5.299946e-01	6.587521e-01	5.518504e+00
2.070316e+00	5.906468e-01	5.964552e-01	1.469370e+00
1.784604e+00	6.470069e-01	5.306380e-01	4.991520e-01
1.297970e-01	6.230170e-01	3.749979e-01	7.258123e-01
7.067785e-01	3.206106e-01	6.686932e-01	2.442038e-01
5.251789e-01	7.366480e-01	5.874352e-01	1.953735e+00
1.427401e+00	5.828104e-01	5.159867e-01	1.867170e+00
3.893167e+00	6.958933e-01	5.385273e-01	5.093476e-01
7.161326e-01	4.488235e-01	6.705326e-01	-3.337821e-01
1.694613e-01	5.901969e-01	6.392452e-01	1.510044e+00
1.427629e+00	5.921122e-01	5.993412e-01	-1.174592e+01
-2.542522e+00	6.065641e-01	4.953557e-01	6.609411e-01
7.118107e-01	5.221558e-01	5.350531e-01	-3.059291e+00
1.234215e+03	4.062880e-01	7.844080e-01	1.426065e+00
1.703450e+00	5.936006e-01	5.857497e-01	9.100969e-02
-2.017957e-01	5.793516e-01	3.963961e-01	9.769333e-01
6.184443e-01	5.386344e-01	6.113797e-01	3.564549e+00
1.813599e+00	5.646541e-01	6.278361e-01	1.479454e+00
1.883092e+00	6.313142e-01	5.319317e-01	5.084587e-01
1.465511e-01	6.446311e-01	3.682678e-01	7.098919e-01
6.920738e-01	3.456640e-01	6.651299e-01	6.780376e-02
4.738984e-01	5.850451e-01	6.376461e-01	1.781309e+00
1.476913e+00	6.199698e-01	6.158662e-01	2.158923e+00
6.560302e+00	6.219327e-01	5.313309e-01	6.306947e-01
6.871537e-01	4.312301e-01	6.534123e-01	-6.117310e-01
-8.968373e-02	5.933760e-01	6.354784e-01	1.493273e+00
1.485864e+00	6.127419e-01	5.645156e-01	-1.597724e+00
-1.372547e+00	6.489726e-01	4.687625e-01	6.887806e-01
6.198791e-01	5.308633e-01	6.648018e-01	-9.299708e+00
4.141697e+00	6.020793e-01	6.575504e-01	1.444132e+00
1.623825e+00	6.277103e-01	5.498357e-01	3.468804e-01
-7.824904e-02	6.468933e-01	4.207529e-01	7.261688e-01
6.144141e-01	5.681882e-01	6.177633e-01	2.783736e+00
1.635240e+00	5.965237e-01	6.266955e-01	1.527067e+00
2.080538e+00	6.320549e-01	5.739286e-01	5.539991e-01
2.624991e-01	6.458106e-01	2.853582e-01	6.910102e-01
7.306715e-01	2.709083e-01	6.748013e-01	2.499378e-01
5.788190e-01	5.747255e-01	6.834671e-01	2.259833e+00
1.542047e+00	6.068181e-01	6.204944e-01	1.604950e+00
2.535927e+00	6.356333e-01	5.480551e-01	6.041630e-01
6.733293e-01	4.216981e-01	6.404776e-01	-7.553113e-02
3.859299e-01	5.834281e-01	6.000381e-01	1.636140e+00
1.465138e+00	6.189495e-01	5.830661e-01	3.102650e+00
-4.829673e+01	5.909736e-01	5.481610e-01	6.267659e-01
6.969768e-01	4.776069e-01	6.482704e-01	-1.042869e+00
-8.514753e-01	5.775464e-01	6.080544e-01	1.518111e+00
1.460299e+00	5.874916e-01	6.202742e-01	-3.127660e-01
-7.128539e-01	6.589957e-01	4.535063e-01	6.974221e-01
6.674140e-01	5.171306e-01	6.388289e-01	1.116743e+01
2.387603e+00	6.187786e-01	6.192540e-01	1.423525e+00
1.699696e+00	6.117567e-01	5.405053e-01	4.645320e-01
3.415821e-02	6.445336e-01	4.352135e-01	7.004668e-01
7.342029e-01	3.206960e-01	6.562758e-01	1.565344e-01
5.506147e-01	5.462916e-01	6.009800e-01	2.057362e+00
1.523841e+00	6.189367e-01	6.162944e-01	1.749810e+00
3.096420e+00	6.529753e-01	5.115916e-01	6.493502e-01
7.082929e-01	4.166898e-01	6.359074e-01	-1.770505e-01
2.917566e-01	6.321441e-01	6.153710e-01	1.553923e+00
1.453312e+00	6.408978e-01	6.021690e-01	7.215459e+00
-4.782456e+00	5.965558e-01	4.943368e-01	6.750528e-01
7.655730e-01	4.868290e-01	6.573787e-01	-1.844914e+00
-3.253924e+00	5.726610e-01	6.413309e-01	1.477186e+00
1.527478e+00	5.970930e-01	6.039379e-01	8.570901e-02
-4.192653e-01	6.409671e-01	4.174307e-01	7.376468e-01
6.359814e-01	5.366940e-01	6.341222e-01	4.834002e+00
1.953574e+00	6.214357e-01	6.385679e-01	1.446699e+00
1.842806e+00	6.430204e-01	5.579352e-01	4.630183e-01
9.178196e-02	6.368650e-01	3.323780e-01	7.179149e-01
6.834168e-01	3.545991e-01	6.533954e-01	1.062407e-01
4.992283e-01	5.718881e-01	6.589412e-01	1.819363e+00
1.460895e+00	6.177918e-01	6.301917e-01	1.912135e+00
4.274257e+00	6.354333e-01	5.814507e-01	6.617946e-01
7.360846e-01	4.310304e-01	5.693208e-01	-3.717124e-01
7.544809e-02	5.836436e-01	6.784614e-01	1.524362e+00
1.433084e+00	6.414308e-01	5.904567e-01	-5.361490e+00
-2.170702e+00	6.410818e-01	5.004349e-01	6.449136e-01
6.993110e-01	4.749892e-01	6.036432e-01	-3.836702e+00
1.343894e+01	6.353968e-01	6.227694e-01	1.424606e+00
1.573993e+00	6.465384e-01	6.275138e-01	2.175185e-01
-2.397676e-01	6.327171e-01	4.532287e-01	6.939992e-01
6.710320e-01	5.722167e-01	6.233142e-01	3.284564e+00
1.731285e+00	5.977576e-01	6.425758e-01	1.511624e+00
1.974397e+00	6.254956e-01	5.661740e-01	5.621921e-01
1.601985e-01	6.204264e-01	3.072780e-01	6.723107e-01
7.155492e-01	3.960453e-01	6.512115e-01	3.913634e-02
4.386127e-01	5.548954e-01	6.510779e-01	1.703038e+00
1.430673e+00	5.938403e-01	5.782439e-01	2.250740e+00
8.209868e+00	6.459452e-01	5.363964e-01	6.438531e-01
7.310041e-01	4.299984e-01	6.280318e-01	-5.975214e-01
-1.754241e-01	5.668407e-01	6.426714e-01	1.481407e+00
1.466420e+00	6.063948e-01	6.007890e-01	-1.127634e+00
-1.254587e+00	6.483277e-01	4.961542e-01	6.696695e-01
6.649154e-01	5.164668e-01	6.852605e-01	-1.597227e+01
3.502742e+00	5.876433e-01	6.285927e-01	1.423730e+00
1.621060e+00	6.482968e-01	5.670663e-01	3.528898e-01
-8.095759e-02	6.425761e-01	3.873087e-01	7.186667e-01
6.282957e-01	5.540893e-01	6.670841e-01	2.599616e+00
1.620057e+00	5.847837e-01	6.527916e-01	1.569866e+00
2.175302e+00	6.377726e-01	5.254836e-01	5.730976e-01
2.379560e-01	6.435111e-01	2.602107e-01	7.081510e-01
7.053506e-01	3.034697e-01	6.425860e-01	2.349832e-01
5.536600e-01	5.430346e-01	6.468058e-01	2.190846e+00
1.555965e+00	5.983353e-01	5.980073e-01	1.608536e+00
2.626737e+00	6.420145e-01	5.443215e-01	6.524236e-01
7.065187e-01	4.014776e-01	6.642955e-01	-3.473779e-02
3.563998e-01	5.655621e-01	6.256950e-01	1.637971e+00
1.439887e+00	6.364116e-01	6.003418e-01	3.506823e+00
-1.597496e+01	6.271209e-01	5.408794e-01	6.757041e-01
6.731728e-01	4.726832e-01	6.581793e-01	-1.242221e+00
-1.124911e+00	6.194691e-01	6.287710e-01	1.449247e+00
1.452885e+00	6.776379e-01	5.504327e-01	-1.641113e-01
-6.635227e-01	6.657769e-01	4.593479e-01	6.697717e-01
7.039038e-01	5.060940e-01	6.230776e-01	8.189070e+00
2.252123e+00	5.796708e-01	5.760005e-01	1.480453e+00
1.745740e+00	6.368875e-01	5.807792e-01	4.503654e-01
5.296597e-02	6.462490e-01	3.861243e-01	7.219305e-01
7.435058e-01	3.165121e-01	6.571804e-01	1.787352e-01
5.279746e-01	5.360274e-01	6.475690e-01	1.987715e+00
1.450507e+00	6.346195e-01	6.160893e-01	1.758667e+00
3.309890e+00	6.198464e-01	5.663445e-01	6.088896e-01
7.504963e-01	4.270338e-01	6.281581e-01	-2.603937e-01
2.622858e-01	6.005455e-01	6.282125e-01	1.582786e+00
1.462060e+00	6.297361e-01	6.090841e-01	1.340888e+01
-3.778748e+00	6.426904e-01	5.076908e-01	6.410763e-01
6.496362e-01	5.102156e-01	6.909367e-01	-2.180427e+00
-5.379711e+00	6.019514e-01	6.373955e-01	1.454241e+00
1.533904e+00	6.706747e-01	5.371060e-01	1.017201e-01
-3.715676e-01	6.381844e-01	4.328879e-01	7.004551e-01
6.648389e-01	5.171662e-01	6.194133e-01	4.294797e+00
1.948550e+00	6.145302e-01	5.881829e-01	1.488795e+00
1.903519e+00	6.301651e-01	5.564405e-01	4.875272e-01
2.118178e-01	6.408211e-01	3.713646e-01	7.170960e-01
6.886356e-01	3.997302e-01	6.427339e-01	9.142870e-02
5.157357e-01	5.336776e-01	6.230779e-01	1.849316e+00
1.479016e+00	6.235799e-01	5.995946e-01	1.981729e+00
4.767665e+00	6.174092e-01	5.044880e-01	6.230328e-01
6.627616e-01	4.322332e-01	6.504232e-01	-3.914359e-01
5.201831e-02	5.766297e-01	6.303812e-01	1.547616e+00
1.475401e+00	6.199044e-01	5.886330e-01	-3.191595e+00
-1.879380e+00	6.422738e-01	4.956577e-01	6.619515e-01
6.668421e-01	4.718812e-01	6.430855e-01	-4.770887e+00
7.232754e+00	5.811511e-01	6.445325e-01	1.432786e+00
1.546787e+00	6.287847e-01	5.778178e-01	2.850140e-01
-1.435187e-01	6.336428e-01	3.418191e-01	7.078957e-01
6.113759e-01	5.429308e-01	6.762247e-01	3.088305e+00
1.707753e+00	6.127271e-01	6.333461e-01	1.558364e+00
2.006961e+00	6.143732e-01	5.492359e-01	5.814162e-01
2.116818e-01	6.217195e-01	2.833911e-01	6.684630e-01
6.735081e-01	4.085971e-01	6.527208e-01	5.448480e-02
4.669126e-01	5.485432e-01	6.080262e-01	1.754266e+00
1.438657e+00	6.079628e-01	6.076959e-01	2.356499e+00
1.116809e+01	6.502719e-01	5.246371e-01	6.291225e-01
6.612878e-01	4.427390e-01	6.262016e-01	-7.045816e-01
-3.077564e-01	5.740221e-01	6.027621e-01	1.464884e+00
1.460384e+00	6.277961e-01	5.947791e-01	-8.268174e-01
-1.050956e+00	6.524081e-01	4.765707e-01	6.837262e-01
6.440521e-01	5.196804e-01	6.207277e-01	-4.832035e+01
3.094996e+00	6.013838e-01	6.051418e-01	1.452508e+00
1.632722e+00	5.850292e-01	5.804296e-01	4.095025e-01
-1.154985e-02	6.131735e-01	3.874405e-01	7.342595e-01
5.878074e-01	5.421850e-01	6.300647e-01	2.527397e+00
1.599473e+00	5.991583e-01	6.278949e-01	1.552799e+00
2.275282e+00	6.355403e-01	5.560639e-01	5.645849e-01
2.470603e-01	6.551184e-01	3.246822e-01	7.322378e-01
7.107011e-01	2.276599e-01	7.024349e-01	2.072249e-01
5.435028e-01	6.044953e-01	6.252218e-01	2.098876e+00
1.531287e+00	6.227509e-01	6.808258e-01	1.669099e+00
2.744304e+00	6.072268e-01	5.774440e-01	6.219301e-01
6.743880e-01	4.260095e-01	6.655100e-01	-1.356666e-01
3.211081e-01	5.601213e-01	6.734633e-01	1.665149e+00
1.437761e+00	6.601001e-01	5.955160e-01	4.168623e+00
-9.292453e+00	6.744226e-01	5.046385e-01	6.372485e-01
7.464243e-01	4.245929e-01	6.403617e-01	-1.361793e+00
-1.544235e+00	5.864693e-01	6.276954e-01	1.484966e+00
1.482321e+00	5.843873e-01	5.563595e-01	-7.313490e-02
-5.460536e-01	5.449175e-01	4.676446e-01	6.414180e-01
6.617021e-01	5.108238e-01	6.104132e-01	6.574602e+00
2.106352e+00	6.258574e-01	5.945660e-01	1.485510e+00
1.750542e+00	6.058420e-01	5.329011e-01	5.144538e-01
7.511433e-03	6.491880e-01	4.403259e-01	6.833859e-01
8.810818e-01	2.752701e-01	6.285790e-01	2.025724e-01
6.673452e-01	5.538305e-01	5.640566e-01	1.911621e+00
1.474066e+00	6.063611e-01	5.316513e-01	1.786733e+00
3.572809e+00	6.316820e-01	5.939422e-01	6.504488e-01
8.562510e-01	4.609345e-01	3.787432e-01	-3.604911e-01
2.158208e-01	8.820973e-01	5.549036e-01	1.530011e+00
1.470722e+00	4.998496e-01	6.907029e-01	1.234337e+03
-3.033811e+00	7.262513e-01	3.857577e-01	6.821701e-01
7.123580e-01	5.096675e-01	6.930855e-01	-2.626432e+00
-1.175422e+01	5.314720e-01	6.421229e-01	1.427466e+00
1.516151e+00	6.436427e-01	4.856119e-01	8.034082e-02
-2.524884e-01	6.948326e-01	4.738192e-01	6.699046e-01
5.384001e-01	3.962068e-01	6.169766e-01	3.961919e+00
1.809935e+00	5.678618e-01	5.998063e-01	1.380101e+00
1.866965e+00	6.476144e-01	5.296847e-01	6.729611e-01
1.060315e-01	6.073933e-01	4.045423e-01	7.947683e-01
7.271752e-01	3.300638e-01	6.528365e-01	1.335837e-01
4.315771e-01	6.179796e-01	5.936467e-01	1.773156e+00
1.461985e+00	6.451160e-01	5.895514e-01	2.054168e+00
5.510641e+00	6.028529e-01	4.851236e-01	6.373288e-01
7.419265e-01	4.815324e-01	6.402989e-01	-4.135616e-01
5.183103e-03	5.631008e-01	6.519679e-01	1.436173e+00
1.460088e+00	6.817523e-01	5.827352e-01	-2.187534e+00
-1.605246e+00	5.645904e-01	4.817491e-01	6.881985e-01
6.815544e-01	5.372053e-01	6.587635e-01	-6.422720e+00
5.191726e+00	6.174981e-01	6.518042e-01	1.397986e+00
1.623920e+00	6.722425e-01	5.541526e-01	2.340949e-01
-1.411744e-01	6.841520e-01	5.058679e-01	6.591619e-01
6.197340e-01	5.512802e-01	5.879164e-01	2.873249e+00
1.708739e+00	5.819406e-01	5.866272e-01	1.561670e+00
2.066669e+00	6.602823e-01	5.894251e-01	5.744852e-01
2.380223e-01	6.500083e-01	2.908440e-01	6.789423e-01
6.673688e-01	4.117747e-01	6.416917e-01	1.506219e-02
4.349759e-01	6.050953e-01	6.670591e-01	1.721031e+00
1.489208e+00	5.834241e-01	5.809463e-01	2.578159e+00
1.814659e+01	6.224587e-01	4.976522e-01	5.580972e-01
7.253784e-01	5.244844e-01	6.288052e-01	-7.351188e-01
-4.349775e-01	5.381848e-01	6.828883e-01	1.467764e+00
1.502998e+00	6.271443e-01	5.424448e-01	-6.115913e-01
-9.099797e-01	6.403019e-01	5.157853e-01	6.907723e-01
6.857675e-01	4.967741e-01	5.848752e-01	5.420145e+01
2.836556e+00	6.244818e-01	6.129228e-01	1.406837e+00
1.694174e+00	6.719430e-01	6.173579e-01	4.967561e-01
4.550002e-02	6.548837e-01	3.341286e-01	6.804032e-01
5.289544e-01	5.069010e-01	6.016862e-01	2.415237e+00
1.601248e+00	5.791741e-01	5.207203e-01	1.609138e+00
2.300320e+00	6.754607e-01	5.803578e-01	5.433308e-01
2.950352e-01	6.327914e-01	2.674471e-01	7.079609e-01
7.117536e-01	2.713299e-01	6.395900e-01	2.551475e-01
5.886763e-01	5.500152e-01	6.409235e-01	2.317657e+00
1.564190e+00	6.137627e-01	6.111882e-01	1.597778e+00
2.445302e+00	6.313853e-01	5.456331e-01	6.006323e-01
7.028078e-01	3.823856e-01	6.532967e-01	-2.683404e-02
3.939382e-01	5.813094e-01	6.396559e-01	1.648101e+00
1.438122e+00	6.215454e-01	6.215993e-01	2.843724e+00
1.123485e+02	6.541796e-01	4.917871e-01	6.701600e-01
6.953543e-01	4.694965e-01	6.346678e-01	-9.644016e-01
-6.698487e-01	5.896149e-01	6.280209e-01	1.476160e+00
1.485865e+00	6.256652e-01	5.901762e-01	-4.060004e-01
-7.948510e-01	6.848521e-01	4.657665e-01	6.915461e-01
6.586410e-01	5.180760e-01	6.406367e-01	1.564913e+01
2.521136e+00	5.978629e-01	6.241624e-01	1.443003e+00
1.700092e+00	6.306244e-01	5.680095e-01	4.268608e-01
1.461378e-02	6.456579e-01	4.025315e-01	7.026870e-01
7.128181e-01	3.101022e-01	6.435333e-01	2.049092e-01
5.584847e-01	5.600425e-01	6.351916e-01	2.053542e+00
1.510257e+00	6.145768e-01	6.111431e-01	1.698463e+00
2.958688e+00	6.395283e-01	5.385969e-01	6.182508e-01
6.957960e-01	4.163108e-01	6.442763e-01	-1.537257e-01
2.952507e-01	5.775879e-01	6.337254e-01	1.597416e+00
1.441364e+00	6.276681e-01	6.011718e-01	5.539252e+00
-5.941641e+00	6.358777e-01	5.054344e-01	6.705364e-01
6.874215e-01	4.872109e-01	6.390721e-01	-1.658878e+00
-2.399731e+00	5.958384e-01	6.256500e-01	1.453925e+00
1.518886e+00	6.316862e-01	5.817204e-01	-8.284323e-04
-4.579687e-01	6.401710e-01	4.482421e-01	7.009695e-01
6.416277e-01	5.222902e-01	6.383759e-01	5.325546e+00
2.035507e+00	6.066852e-01	6.186334e-01	1.458927e+00
1.800155e+00	6.347149e-01	5.644435e-01	4.900577e-01
9.826219e-02	6.399180e-01	3.672853e-01	7.133454e-01
7.098565e-01	3.463988e-01	6.470716e-01	1.458788e-01
5.186963e-01	5.644185e-01	6.213177e-01	1.884505e+00
1.468976e+00	6.173424e-01	6.040487e-01	1.869209e+00
3.968609e+00	6.397947e-01	5.277229e-01	6.310161e-01
7.008322e-01	4.349922e-01	6.450235e-01	-3.300843e-01
1.433373e-01	5.821036e-01	6.323501e-01	1.507558e+00
1.447622e+00	6.278167e-01	5.922601e-01	-9.181854e+00
-2.457105e+00	6.437615e-01	4.921086e-01	6.815929e-01
6.827198e-01	4.959639e-01	6.360799e-01	-3.237976e+00
4.933935e+01	5.886144e-01	6.260806e-01	1.445266e+00
1.563296e+00	6.319294e-01	5.823582e-01	2.001591e-01
-2.526430e-01	6.419813e-01	4.265504e-01	7.149243e-01
6.295114e-01	5.287794e-01	6.404440e-01	3.490458e+00
1.795987e+00	6.070514e-01	6.181630e-01	1.482422e+00
1.939448e+00	6.338209e-01	5.620271e-01	5.373362e-01
1.646062e-01	6.411737e-01	3.316276e-01	7.111769e-01
7.117410e-01	3.742009e-01	6.414350e-01	6.373461e-02
4.653540e-01	5.667227e-01	6.361237e-01	1.756779e+00
1.451958e+00	6.277308e-01	6.073588e-01	2.170924e+00
6.908330e+00	6.358530e-01	5.196552e-01	6.519378e-01
6.990889e-01	4.552076e-01	6.478843e-01	-5.731159e-01
-1.189821e-01	5.851073e-01	6.317880e-01	1.504515e+00
1.461433e+00	6.262263e-01	5.917923e-01	-1.435688e+00
-1.338216e+00	6.403099e-01	4.742953e-01	6.847843e-01
6.697420e-01	5.017287e-01	6.399879e-01	-1.042849e+01
3.931587e+00	5.999471e-01	6.219665e-01	1.431966e+00
1.620848e+00	6.288602e-01	5.749619e-01	3.484378e-01
-1.046751e-01	6.442467e-01	4.115182e-01	7.043025e-01
6.122899e-01	5.400217e-01	6.395022e-01	2.735415e+00
1.657809e+00	6.103255e-01	6.154345e-01	1.527585e+00
2.150883e+00	6.347214e-01	5.529458e-01	5.685155e-01
2.257483e-01	6.456681e-01	2.967688e-01	7.163770e-01
7.134323e-01	2.773245e-01	6.429523e-01	2.446290e-01
5.826345e-01	5.513028e-01	6.327347e-01	2.241174e+00
1.550261e+00	6.131483e-01	6.142529e-01	1.613788e+00
2.552597e+00	6.366334e-01	5.452546e-01	6.028376e-01
7.095956e-01	4.057135e-01	6.378071e-01	-5.417885e-02
3.781648e-01	5.643938e-01	6.374476e-01	1.653650e+00
1.439847e+00	6.199736e-01	5.964520e-01	3.178940e+00
-3.238101e+01	6.298731e-01	5.170475e-01	6.652864e-01
6.908876e-01	4.706125e-01	6.385861e-01	-1.095502e+00
-9.038095e-01	5.916830e-01	6.213488e-01	1.462421e+00
1.490352e+00	6.288387e-01	5.920525e-01	-2.746508e-01
-6.910634e-01	6.400424e-01	4.587500e-01	6.948450e-01
6.578705e-01	5.162110e-01	6.399544e-01	1.023132e+01
2.361390e+00	6.071866e-01	6.163545e-01	1.445625e+00
1.722931e+00	6.319658e-01	5.920597e-01	4.501290e-01
3.516518e-02	6.395049e-01	3.889285e-01	7.079402e-01
7.107897e-01	3.162944e-01	6.437849e-01	1.913919e-01
5.477234e-01	5.627529e-01	6.367608e-01	2.007281e+00
1.504380e+00	6.194272e-01	6.102160e-01	1.734562e+00
3.140320e+00	6.363069e-01	5.389432e-01	6.216604e-01
7.065141e-01	4.247818e-01	6.430330e-01	-1.930864e-01
2.670162e-01	5.806107e-01	6.342696e-01	1.580657e+00
1.438486e+00	6.241149e-01	6.012382e-01	8.132443e+00
-4.528578e+00	6.436019e-01	5.004170e-01	6.772781e-01
6.836434e-01	4.845544e-01	6.394082e-01	-1.924307e+00
-3.622479e+00	5.922731e-01	6.251884e-01	1.453293e+00
1.527181e+00	6.320064e-01	5.843868e-01	6.987339e-02
-3.609623e-01	6.420339e-01	4.456506e-01	6.996357e-01
6.404847e-01	5.253042e-01	6.370693e-01	4.661576e+00
1.959162e+00	6.073248e-01	6.196420e-01	1.466799e+00
1.832264e+00	6.381359e-01	5.646634e-01	5.045233e-01
1.195500e-01	6.372800e-01	3.528647e-01	7.133002e-01
7.099164e-01	3.538598e-01	6.427947e-01	1.279205e-01
5.057889e-01	5.674389e-01	6.377730e-01	1.847453e+00
1.468454e+00	6.175759e-01	6.066259e-01	1.929605e+00
4.399222e+00	6.408322e-01	5.307521e-01	6.376109e-01
6.991161e-01	4.421604e-01	6.475708e-01	-3.938937e-01
9.099856e-02	5.826733e-01	6.280603e-01	1.533964e+00
1.449905e+00	6.245403e-01	5.936910e-01	-4.646905e+00
-2.083516e+00	6.393889e-01	4.897326e-01	6.818394e-01
6.720164e-01	4.998444e-01	6.388388e-01	-4.009267e+00
1.096368e+01	5.990264e-01	6.231319e-01	1.439127e+00
1.573471e+00	6.304165e-01	5.778796e-01	2.438909e-01
-2.096707e-01	6.387321e-01	4.227036e-01	7.051415e-01
6.283993e-01	5.384443e-01	6.387590e-01	3.249277e+00
1.751130e+00	6.072671e-01	6.144873e-01	1.492516e+00
1.983490e+00	6.336347e-01	5.552510e-01	5.478354e-01
1.840277e-01	6.401437e-01	3.237433e-01	7.093874e-01
7.092624e-01	3.861116e-01	6.466391e-01	4.632417e-02
4.530747e-01	5.740094e-01	6.353323e-01	1.729692e+00
1.448036e+00	6.175754e-01	6.056461e-01	2.288178e+00
8.777952e+00	6.439195e-01	5.151969e-01	6.555674e-01
6.987826e-01	4.566156e-01	6.402657e-01	-6.496992e-01
-2.164753e-01	5.860456e-01	6.256458e-01	1.497948e+00
1.467692e+00	6.250066e-01	5.852718e-01	-1.056399e+00
-1.173523e+00	6.374502e-01	4.710391e-01	6.889843e-01
6.618314e-01	5.038260e-01	6.394857e-01	-1.930286e+01
3.372627e+00	6.018088e-01	6.233692e-01	1.465441e+00
1.641197e+00	6.295355e-01	5.732800e-01	3.671914e-01
-7.254136e-02	6.402950e-01	4.014187e-01	7.029357e-01
6.098099e-01	5.466551e-01	6.379972e-01	2.606481e+00
1.623523e+00	6.084665e-01	6.166990e-01	1.545655e+00
2.205802e+00	6.345568e-01	5.565289e-01	5.752127e-01
2.360844e-01	6.387475e-01	2.838759e-01	7.128303e-01
7.117356e-01	2.891343e-01	6.407823e-01	2.312224e-01
5.770356e-01	5.482626e-01	6.291114e-01	2.175716e+00
1.533305e+00	6.186295e-01	6.135934e-01	1.658493e+00
2.667705e+00	6.366764e-01	5.445884e-01	6.089554e-01
7.081855e-01	4.078977e-01	6.424351e-01	-8.310440e-02
3.523249e-01	5.721282e-01	6.278201e-01	1.633181e+00
1.433785e+00	6.248899e-01	5.950066e-01	3.629838e+00
-1.361273e+01	6.356612e-01	5.095058e-01	6.658219e-01
6.900027e-01	4.722090e-01	6.421538e-01	-1.252039e+00
-1.230236e+00	5.919882e-01	6.250733e-01	1.462468e+00
1.500338e+00	6.282795e-01	5.884156e-01	-1.663893e-01
-6.112246e-01	6.466628e-01	4.573073e-01	6.927473e-01
6.561015e-01	5.205845e-01	6.402812e-01	7.714166e+00
2.225840e+00	6.046638e-01	6.129662e-01	1.454941e+00
1.741595e+00	6.354035e-01	5.685261e-01	4.605748e-01
5.875363e-02	6.434536e-01	3.753379e-01	7.060823e-01
7.116798e-01	3.261631e-01	6.509575e-01	1.842409e-01
5.439621e-01	5.536542e-01	6.295820e-01	1.961578e+00
1.491185e+00	6.098082e-01	6.038176e-01	1.773708e+00
3.364918e+00	6.321911e-01	5.295784e-01	6.357297e-01
7.060661e-01	4.318749e-01	6.414817e-01	-2.377167e-01
2.285843e-01	5.840157e-01	6.285279e-01	1.571717e+00
1.436055e+00	6.240652e-01	6.018562e-01	1.753730e+01
-3.601071e+00	6.386008e-01	4.991769e-01	6.733001e-01
6.838791e-01	4.881809e-01	6.381241e-01	-2.254002e+00
-6.264359e+00	5.897343e-01	6.222475e-01	1.439672e+00
1.547311e+00	6.318855e-01	5.847488e-01	1.214402e-01
-3.562447e-01	6.438032e-01	4.351586e-01	6.999379e-01
6.370262e-01	5.340962e-01	6.369000e-01	4.166544e+00
1.892827e+00	6.164178e-01	6.128442e-01	1.469760e+00
1.871915e+00	6.666390e-01	5.646160e-01	5.105286e-01
1.389509e-01	6.451981e-01	3.479572e-01	7.084112e-01
7.141302e-01	3.584251e-01	6.377106e-01	1.062005e-01
4.949199e-01	5.683712e-01	6.368513e-01	1.812209e+00
1.454400e+00	6.221048e-01	6.061826e-01	1.997877e+00
4.966852e+00	6.354132e-01	5.298384e-01	6.482485e-01
6.960281e-01	4.462935e-01	6.444121e-01	-4.268131e-01
2.476887e-02	5.846483e-01	6.324028e-01	1.522765e+00
1.449818e+00	6.266216e-01	5.942767e-01	-2.916103e+00
-1.784169e+00	6.417157e-01	4.913299e-01	6.819026e-01
6.823738e-01	5.008136e-01	6.411795e-01	-5.153175e+00
6.550904e+00	6.018145e-01	6.250252e-01	1.438343e+00
1.586372e+00	6.306031e-01	5.782252e-01	2.837612e-01
-1.725189e-01	6.415708e-01	4.225004e-01	7.089857e-01
6.204409e-01	5.416496e-01	6.387843e-01	3.044504e+00
1.715022e+00	6.068262e-01	6.135661e-01	1.501127e+00
2.029614e+00	6.312271e-01	5.560841e-01	5.569267e-01
1.763155e-01	6.401065e-01	3.132838e-01	7.120156e-01
7.169786e-01	3.927729e-01	6.363013e-01	2.255825e-02
4.280253e-01	5.466147e-01	6.379652e-01	1.704125e+00
1.443565e+00	6.284929e-01	6.035588e-01	2.413918e+00
1.233011e+01	6.534840e-01	5.246734e-01	6.591678e-01
6.969599e-01	4.627742e-01	6.442425e-01	-7.436151e-01
-3.282100e-01	5.830373e-01	6.237948e-01	1.492832e+00
1.468156e+00	6.258135e-01	5.917169e-01	-7.801842e-01
-1.023045e+00	6.381177e-01	4.667648e-01	6.896173e-01
6.608934e-01	5.010465e-01	6.402343e-01	-9.380276e+01
3.001488e+00	5.989322e-01	6.227054e-01	1.440003e+00
1.657063e+00	6.309761e-01	5.680342e-01	4.089730e-01
-3.472985e-02	6.411805e-01	4.035355e-01	6.982382e-01
6.312463e-01	5.313200e-01	6.406147e-01	2.494613e+00
1.601570e+00	6.085923e-01	6.056560e-01	1.559253e+00
2.280187e+00	6.421533e-01	5.499386e-01	5.794467e-01
2.489205e-01	6.462835e-01	2.754425e-01	7.205447e-01
7.150621e-01	3.040555e-01	6.317836e-01	2.194339e-01
5.677698e-01	5.545690e-01	6.346817e-01	2.122595e+00
1.521447e+00	6.160722e-01	6.121063e-01	1.670498e+00
2.800288e+00	6.378054e-01	5.400565e-01	6.150500e-01
7.075988e-01	4.103018e-01	6.384317e-01	-1.185729e-01
3.233823e-01	5.757815e-01	6.283875e-01	1.611262e+00
1.435782e+00	6.203174e-01	5.941383e-01	4.331052e+00
-8.398152e+00	6.385820e-01	5.060950e-01	6.748661e-01
6.857343e-01	4.827807e-01	6.418587e-01	-1.436195e+00
-1.694279e+00	5.913884e-01	6.251139e-01	1.455272e+00
1.504898e+00	6.260271e-01	5.926490e-01	-8.213251e-02
-5.340763e-01	6.468586e-01	4.479197e-01	6.984924e-01
6.486597e-01	5.219119e-01	6.390171e-01	6.266865e+00
2.121002e+00	6.038060e-01	6.227882e-01	1.450325e+00
1.771639e+00	6.361564e-01	5.678537e-01	4.714689e-01
7.940312e-02	6.443585e-01	3.708681e-01	7.107633e-01
7.075362e-01	3.361335e-01	6.435932e-01	1.569210e-01
5.299355e-01	5.624540e-01	6.377412e-01	1.920678e+00
1.485033e+00	6.168365e-01	5.975731e-01	1.814838e+00
3.628793e+00	6.425702e-01	5.315802e-01	6.284832e-01
6.982800e-01	4.297297e-01	6.565745e-01	-2.721521e-01
1.872645e-01	5.646825e-01	6.333749e-01	1.556156e+00
1.442653e+00	6.319910e-01	5.844934e-01	-5.151103e+01
-2.945747e+00	6.383981e-01	5.009777e-01	6.813885e-01
6.770754e-01	4.840405e-01	6.324662e-01	-2.682003e+00
-1.603931e+01	6.035136e-01	6.226413e-01	1.437824e+00
1.543600e+00	6.325623e-01	5.903585e-01	1.689605e-01
-3.007649e-01	6.404734e-01	4.320859e-01	7.028366e-01
6.386710e-01	5.359092e-01	6.412382e-01	3.787470e+00
1.843722e+00	6.115331e-01	6.185394e-01	1.479253e+00
1.905554e+00	6.313925e-01	5.604007e-01	5.162429e-01
1.509861e-01	6.402454e-01	3.399965e-01	7.078422e-01
7.106047e-01	3.662895e-01	6.425173e-01	8.767029e-02
4.831175e-01	5.693839e-01	6.341995e-01	1.786818e+00
1.453237e+00	6.197360e-01	6.122267e-01	2.077786e+00
5.749554e+00	6.853663e-01	5.252109e-01	6.490287e-01
6.984196e-01	4.486875e-01	6.455039e-01	-4.951494e-01
-4.372369e-02	5.898593e-01	6.258834e-01	1.517326e+00
1.453140e+00	6.294868e-01	5.956375e-01	-2.001983e+00
-1.540538e+00	6.388940e-01	4.753847e-01	6.870967e-01
6.706012e-01	5.019984e-01	6.332024e-01	-6.984267e+00
4.840593e+00	6.016658e-01	6.237084e-01	1.439366e+00
1.599783e+00	6.333687e-01	5.728529e-01	3.079574e-01
-1.327749e-01	6.434712e-01	4.071271e-01	7.022392e-01
6.167243e-01	5.431705e-01	6.367984e-01	2.879172e+00
1.686166e+00	6.080843e-01	6.199683e-01	1.510318e+00
2.081504e+00	6.305167e-01	5.558848e-01	5.611328e-01
2.084716e-01	6.442478e-01	3.073331e-01	7.128203e-01
7.045825e-01	3.280614e-01	6.465302e-01	-3.827352e-03
4.183312e-01	5.749687e-01	6.300699e-01	1.683999e+00
1.438994e+00	6.268080e-01	6.056276e-01	2.619588e+00
2.167478e+01	6.372163e-01	5.171750e-01	6.631675e-01
6.959161e-01	4.648800e-01	6.338337e-01	-8.444241e-01
-4.877286e-01	5.922091e-01	6.298788e-01	1.481399e+00
1.479981e+00	6.248819e-01	5.927512e-01	-5.660165e-01
-9.000595e-01	6.314776e-01	4.685806e-01	6.957266e-01
6.608664e-01	5.207567e-01	6.419180e-01	3.593431e+01
2.732565e+00	6.024591e-01	6.179458e-01	1.443691e+00
1.671206e+00	6.272233e-01	5.680011e-01	4.006499e-01
-1.723107e-02	6.406554e-01	3.859868e-01	7.172564e-01
5.987306e-01	5.519203e-01	6.334275e-01	2.398661e+00
1.588935e+00	6.178368e-01	6.185251e-01	1.572918e+00
2.362376e+00	6.333321e-01	5.464635e-01	5.972359e-01
2.522381e-01	6.426211e-01	2.696794e-01	7.098698e-01
