0
-5
-9
-14
-19
-24
-28
-33
-38
-42
-47
-52
-57
-61
-66
-71
-75
-80
-85
-89
-94
-99
-103
-108
-113
-118
-122
-127
-132
-136
-141
-146
-150
-155
-160
-164
-169
-174
-178
-183
-187
-192
-197
-201
-206
-211
-215
-220
-224
-229
-234
-238
-243
-247
-252
-256
-261
-266
-270
-275
-279
-284
-288
-293
-297
-302
-306
-311
-315
-320
-324
-329
-333
-338
-342
-346
-351
-355
-360
-364
-369
-373
-377
-382
-386
-390
-395
-399
-403
-408
-412
-416
-421
-425
-429
-434
-438
-442
-446
-451
-455
-459
-463
-467
-472
-476
-480
-484
-488
-492
-497
-501
-505
-509
-513
-517
-521
-525
-529
-533
-537
-541
-545
-549
-553
-557
-561
-565
-569
-573
-577
-581
-584
-588
-592
-596
-600
-604
-607
-611
-615
-619
-623
-626
-630
-634
-637
-641
-645
-648
-652
-656
-659
-663
-666
-670
-674
-677
-681
-684
-688
-691
-695
-698
-702
-705
-708
-712
-715
-719
-722
-725
-729
-732
-735
-738
-742
-745
-748
-751
-755
-758
-761
-764
-767
-770
-773
-776
-779
-783
-786
-789
-792
-795
-798
-800
-803
-806
-809
-812
-815
-818
-821
-823
-826
-829
-832
-834
-837
-840
-843
-845
-848
-851
-853
-856
-858
-861
-863
-866
-868
-871
-873
-876
-878
-881
-883
-885
-888
-890
-893
-895
-897
-899
-902
-904
-906
-908
-910
-913
-915
-917
-919
-921
-923
-925
-927
-929
-931
-933
-935
-937
-939
-941
-942
-944
-946
-948
-950
-951
-953
-955
-957
-958
-960
-961
-963
-965
-966
-968
-969
-971
-972
-974
-975
-977
-978
-979
-981
-982
-983
-985
-986
-987
-989
-990
-991
-992
-993
-994
-996
-997
-998
-999
-1000
-1001
-1002
-1003
-1004
-1005
-1006
-1006
-1007
-1008
-1009
-1010
-1010
-1011
-1012
-1013
-1013
-1014
-1015
-1015
-1016
-1016
-1017
-1018
-1018
-1019
-1019
-1020
-1020
-1020
-1021
-1021
-1021
-1022
-1022
-1022
-1023
-1023
-1023
-1023
-1023
-1024
-1024
-1024
-1024
-1024
-1024
-1024
-1024
-1024
-1024
-1024
-1024
-1024
-1024
-1023
-1023
-1023
-1023
-1023
-1022
-1022
-1022
-1021
-1021
-1021
-1020
-1020
-1019
-1019
-1018
-1018
-1017
-1017
-1016
-1016
-1015
-1014
-1014
-1013
-1012
-1012
-1011
-1010
-1009
-1009
-1008
-1007
-1006
-1005
-1004
-1003
-1002
-1001
-1000
-999
-998
-997
-996
-995
-994
-993
-992
-991
-989
-988
-987
-986
-984
-983
-982
-980
-979
-978
-976
-975
-973
-972
-970
-969
-967
-966
-964
-963
-961
-959
-958
-956
-954
-953
-951
-949
-947
-945
-944
-942
-940
-938
-936
-934
-932
-930
-928
-926
-924
-922
-920
-918
-916
-914
-912
-910
-907
-905
-903
-901
-899
-896
-894
-892
-889
-887
-885
-882
-880
-878
-875
-873
-870
-868
-865
-863
-860
-857
-855
-852
-850
-847
-844
-842
-839
-836
-834
-831
-828
-825
-822
-820
-817
-814
-811
-808
-805
-802
-799
-797
-794
-791
-788
-785
-782
-778
-775
-772
-769
-766
-763
-760
-757
-753
-750
-747
-744
-741
-737
-734
-731
-727
-724
-721
-717
-714
-711
-707
-704
-700
-697
-693
-690
-687
-683
-679
-676
-672
-669
-665
-662
-658
-654
-651
-647
-644
-640
-636
-632
-629
-625
-621
-618
-614
-610
-606
-602
-599
-595
-591
-587
-583
-579
-575
-572
-568
-564
-560
-556
-552
-548
-544
-540
-536
-532
-528
-524
-520
-516
-512
-507
-503
-499
-495
-491
-487
-483
-479
-474
-470
-466
-462
-458
-453
-449
-445
-441
-436
-432
-428
-424
-419
-415
-411
-406
-402
-398
-393
-389
-385
-380
-376
-371
-367
-363
-358
-354
-349
-345
-341
-336
-332
-327
-323
-318
-314
-309
-305
-300
-296
-291
-287
-282
-278
-273
-269
-264
-259
-255
-250
-246
-241
-237
-232
-227
-223
-218
-214
-209
-204
-200
-195
-191
-186
-181
-177
-172
-167
-163
-158
-153
-149
-144
-139
-135
-130
-125
-121
-116
-111
-107
-102
-97
-93
-88
-83
-78
-74
-69
-64
-60
-55
-50
-46
-41
-36
-31
-27
-22
-17
-13
-8
-3
2
6
11
16
20
25
30
35
39
44
49
53
58
63
67
72
77
82
86
91
96
100
105
110
114
119
124
128
133
138
142
147
152
156
161
166
170
175
180
184
189
194
198
203
207
212
217
221
226
230
235
240
244
249
253
258
263
267
272
276
281
285
290
294
299
303
308
312
317
321
326
330
335
339
343
348
352
357
361
366
370
374
379
383
388
392
396
401
405
409
414
418
422
426
431
435
439
443
448
452
456
460
465
469
473
477
481
485
490
494
498
502
506
510
514
518
522
526
530
535
539
543
547
550
554
558
562
566
570
574
578
582
586
590
593
597
601
605
609
613
616
620
624
628
631
635
639
642
646
650
653
657
660
664
668
671
675
678
682
685
689
692
696
699
703
706
709
713
716
720
723
726
730
733
736
739
743
746
749
752
756
759
762
765
768
771
774
777
780
784
787
790
793
796
798
801
804
807
810
813
816
819
822
824
827
830
833
835
838
841
843
846
849
851
854
857
859
862
864
867
869
872
874
877
879
882
884
886
889
891
893
896
898
900
902
905
907
909
911
913
915
917
920
922
924
926
928
930
932
934
936
937
939
941
943
945
947
948
950
952
954
955
957
959
960
962
964
965
967
968
970
971
973
974
976
977
979
980
981
983
984
985
986
988
989
990
991
993
994
995
996
997
998
999
1000
1001
1002
1003
1004
1005
1006
1007
1008
1008
1009
1010
1011
1011
1012
1013
1014
1014
1015
1016
1016
1017
1017
1018
1018
1019
1019
1020
1020
1020
1021
1021
1022
1022
1022
1022
1023
1023
1023
1023
1023
1024
1024
1024
1024
1024
1024