0
-3
-6
-9
-13
-16
-19
-22
-25
-28
-31
-35
-38
-41
-44
-47
-50
-53
-57
-60
-63
-66
-69
-72
-75
-78
-82
-85
-88
-91
-94
-97
-100
-103
-107
-110
-113
-116
-119
-122
-125
-128
-132
-135
-138
-141
-144
-147
-150
-153
-156
-160
-163
-166
-169
-172
-175
-178
-181
-184
-187
-191
-194
-197
-200
-203
-206
-209
-212
-215
-218
-221
-224
-227
-230
-234
-237
-240
-243
-246
-249
-252
-255
-258
-261
-264
-267
-270
-273
-276
-279
-282
-285
-288
-291
-294
-297
-300
-303
-306
-309
-312
-315
-318
-321
-324
-327
-330
-333
-336
-339
-342
-345
-348
-351
-354
-357
-360
-363
-366
-369
-371
-374
-377
-380
-383
-386
-389
-392
-395
-398
-401
-403
-406
-409
-412
-415
-418
-421
-424
-426
-429
-432
-435
-438
-441
-443
-446
-449
-452
-455
-458
-460
-463
-466
-469
-472
-474
-477
-480
-483
-485
-488
-491
-494
-497
-499
-502
-505
-507
-510
-513
-516
-518
-521
-524
-526
-529
-532
-535
-537
-540
-543
-545
-548
-550
-553
-556
-558
-561
-564
-566
-569
-572
-574
-577
-579
-582
-584
-587
-590
-592
-595
-597
-600
-602
-605
-607
-610
-613
-615
-618
-620
-623
-625
-628
-630
-632
-635
-637
-640
-642
-645
-647
-650
-652
-654
-657
-659
-662
-664
-666
-669
-671
-674
-676
-678
-681
-683
-685
-688
-690
-692
-695
-697
-699
-702
-704
-706
-708
-711
-713
-715
-717
-720
-722
-724
-726
-729
-731
-733
-735
-737
-739
-742
-744
-746
-748
-750
-752
-755
-757
-759
-761
-763
-765
-767
-769
-771
-773
-775
-777
-779
-782
-784
-786
-788
-790
-792
-794
-796
-798
-799
-801
-803
-805
-807
-809
-811
-813
-815
-817
-819
-821
-822
-824
-826
-828
-830
-832
-834
-835
-837
-839
-841
-843
-844
-846
-848
-850
-851
-853
-855
-857
-858
-860
-862
-863
-865
-867
-868
-870
-872
-873
-875
-877
-878
-880
-882
-883
-885
-886
-888
-889
-891
-893
-894
-896
-897
-899
-900
-902
-903
-905
-906
-907
-909
-910
-912
-913
-915
-916
-917
-919
-920
-922
-923
-924
-926
-927
-928
-930
-931
-932
-934
-935
-936
-937
-939
-940
-941
-942
-944
-945
-946
-947
-948
-950
-951
-952
-953
-954
-955
-957
-958
-959
-960
-961
-962
-963
-964
-965
-966
-967
-968
-969
-970
-971
-972
-973
-974
-975
-976
-977
-978
-979
-980
-981
-982
-983
-983
-984
-985
-986
-987
-988
-989
-989
-990
-991
-992
-993
-993
-994
-995
-996
-996
-997
-998
-998
-999
-1000
-1000
-1001
-1002
-1002
-1003
-1004
-1004
-1005
-1006
-1006
-1007
-1007
-1008
-1008
-1009
-1009
-1010
-1010
-1011
-1011
-1012
-1012
-1013
-1013
-1014
-1014
-1015
-1015
-1016
-1016
-1016
-1017
-1017
-1017
-1018
-1018
-1018
-1019
-1019
-1019
-1020
-1020
-1020
-1020
-1021
-1021
-1021
-1021
-1022
-1022
-1022
-1022
-1022
-1023
-1023
-1023
-1023
-1023
-1023
-1023
-1024
-1024
-1024
-1024
-1024
-1024
-1024
-1024
-1024
-1024