0
-2
-3
-5
-6
-8
-9
-11
-13
-14
-16
-17
-19
-20
-22
-24
-25
-27
-28
-30
-31
-33
-35
-36
-38
-39
-41
-42
-44
-46
-47
-49
-50
-52
-53
-55
-57
-58
-60
-61
-63
-64
-66
-67
-69
-71
-72
-74
-75
-77
-78
-80
-82
-83
-85
-86
-88
-89
-91
-93
-94
-96
-97
-99
-100
-102
-103
-105
-107
-108
-110
-111
-113
-114
-116
-118
-119
-121
-122
-124
-125
-127
-128
-130
-132
-133
-135
-136
-138
-139
-141
-142
-144
-146
-147
-149
-150
-152
-153
-155
-156
-158
-160
-161
-163
-164
-166
-167
-169
-170
-172
-174
-175
-177
-178
-180
-181
-183
-184
-186
-187
-189
-191
-192
-194
-195
-197
-198
-200
-201
-203
-204
-206
-207
-209
-211
-212
-214
-215
-217
-218
-220
-221
-223
-224
-226
-227
-229
-230
-232
-234
-235
-237
-238
-240
-241
-243
-244
-246
-247
-249
-250
-252
-253
-255
-256
-258
-259
-261
-263
-264
-266
-267
-269
-270
-272
-273
-275
-276
-278
-279
-281
-282
-284
-285
-287
-288
-290
-291
-293
-294
-296
-297
-299
-300
-302
-303
-305
-306
-308
-309
-311
-312
-314
-315
-317
-318
-320
-321
-323
-324
-326
-327
-329
-330
-332
-333
-335
-336
-338
-339
-341
-342
-343
-345
-346
-348
-349
-351
-352
-354
-355
-357
-358
-360
-361
-363
-364
-366
-367
-369
-370
-371
-373
-374
-376
-377
-379
-380
-382
-383
-385
-386
-388
-389
-390
-392
-393
-395
-396
-398
-399
-401
-402
-403
-405
-406
-408
-409
-411
-412
-414
-415
-416
-418
-419
-421
-422
-424
-425
-426
-428
-429
-431
-432
-434
-435
-436
-438
-439
-441
-442
-443
-445
-446
-448
-449
-451
-452
-453
-455
-456
-458
-459
-460
-462
-463
-465
-466
-467
-469
-470
-472
-473
-474
-476
-477
-479
-480
-481
-483
-484
-485
-487
-488
-490
-491
-492
-494
-495
-497
-498
-499
-501
-502
-503
-505
-506
-507
-509
-510
-512
-513
-514
-516
-517
-518
-520
-521
-522
-524
-525
-526
-528
-529
-530
-532
-533
-535
-536
-537
-539
-540
-541
-543
-544
-545
-547
-548
-549
-550
-552
-553
-554
-556
-557
-558
-560
-561
-562
-564
-565
-566
-568
-569
-570
-572
-573
-574
-575
-577
-578
-579
-581
-582
-583
-584
-586
-587
-588
-590
-591
-592
-593
-595
-596
-597
-599
-600
-601
-602
-604
-605
-606
-607
-609
-610
-611
-613
-614
-615
-616
-618
-619
-620
-621
-623
-624
-625
-626
-628
-629
-630
-631
-632
-634
-635
-636
-637
-639
-640
-641
-642
-644
-645
-646
-647
-648
-650
-651
-652
-653
-654
-656
-657
-658
-659
-660
-662
-663
-664
-665
-666
-668
-669
-670
-671
-672
-674
-675
-676
-677
-678
-679
-681
-682
-683
-684
-685
-687
-688
-689
-690
-691
-692
-693
-695
-696
-697
-698
-699
-700
-702
-703
-704
-705
-706
-707
-708
-709
-711
-712
-713
-714
-715
-716
-717
-719
-720
-721
-722
-723
-724
-725
-726
-727
-729
-730
-731
-732
-733
-734
-735
-736
-737
-738
-739
-741
-742
-743
-744
-745
-746
-747
-748
-749
-750
-751
-752
-753
-755
-756
-757
-758
-759
-760
-761
-762
-763
-764
-765
-766
-767
-768
-769
-770
-771
-772
-773
-774
-775
-776
-777
-778
-779
-780
-782
-783
-784
-785
-786
-787
-788
-789
-790
-791
-792
-793
-794
-795
-796
-797
-798
-798
-799
-800
-801
-802
-803
-804
-805
-806
-807
-808
-809
-810
-811
-812
-813
-814
-815
-816
-817
-818
-819
-820
-821
-822
-822
-823
-824
-825
-826
-827
-828
-829
-830
-831
-832
-833
-834
-834
-835
-836
-837
-838
-839
-840
-841
-842
-843
-843
-844
-845
-846
-847
-848
-849
-850
-851
-851
-852
-853
-854
-855
-856
-857
-857
-858
-859
-860
-861
-862
-863
-863
-864
-865
-866
-867
-868
-868
-869
-870
-871
-872
-873
-873
-874
-875
-876
-877
-878
-878
-879
-880
-881
-882
-882
-883
-884
-885
-885
-886
-887
-888
-889
-889
-890
-891
-892
-893
-893
-894
-895
-896
-896
-897
-898
-899
-899
-900
-901
-902
-902
-903
-904
-905
-905
-906
-907
-907
-908
-909
-910
-910
-911
-912
-913
-913
-914
-915
-915
-916
-917
-917
-918
-919
-920
-920
-921
-922
-922
-923
-924
-924
-925
-926
-926
-927
-928
-928
-929
-930
-930
-931
-932
-932
-933
-934
-934
-935
-936
-936
-937
-937
-938
-939
-939
-940
-941
-941
-942
-942
-943
-944
-944
-945
-945
-946
-947
-947
-948
-948
-949
-950
-950
-951
-951
-952
-953
-953
-954
-954
-955
-955
-956
-957
-957
-958
-958
-959
-959
-960
-960
-961
-961
-962
-963
-963
-964
-964
-965
-965
-966
-966
-967
-967
-968
-968
-969
-969
-970
-970
-971
-971
-972
-972
-973
-973
-974
-974
-975
-975
-976
-976
-977
-977
-978
-978
-979
-979
-979
-980
-980
-981
-981
-982
-982
-983
-983
-983
-984
-984
-985
-985
-986
-986
-986
-987
-987
-988
-988
-989
-989
-989
-990
-990
-991
-991
-991
-992
-992
-993
-993
-993
-994
-994
-994
-995
-995
-996
-996
-996
-997
-997
-997
-998
-998
-998
-999
-999
-999
-1000
-1000
-1000
-1001
-1001
-1001
-1002
-1002
-1002
-1003
-1003
-1003
-1004
-1004
-1004
-1005
-1005
-1005
-1006
-1006
-1006
-1006
-1007
-1007
-1007
-1008
-1008
-1008
-1008
-1009
-1009
-1009
-1009
-1010
-1010
-1010
-1010
-1011
-1011
-1011
-1011
-1012
-1012
-1012
-1012
-1013
-1013
-1013
-1013
-1014
-1014
-1014
-1014
-1014
-1015
-1015
-1015
-1015
-1016
-1016
-1016
-1016
-1016
-1016
-1017
-1017
-1017
-1017
-1017
-1018
-1018
-1018
-1018
-1018
-1018
-1019
-1019
-1019
-1019
-1019
-1019
-1020
-1020
-1020
-1020
-1020
-1020
-1020
-1020
-1021
-1021
-1021
-1021
-1021
-1021
-1021
-1021
-1022
-1022
-1022
-1022
-1022
-1022
-1022
-1022
-1022
-1022
-1023
-1023
-1023
-1023
-1023
-1023
-1023
-1023
-1023
-1023
-1023
-1023
-1023
-1023
-1023
-1024
-1024
-1024
-1024
-1024
-1024
-1024
-1024
-1024
-1024
-1024
-1024
-1024
-1024
-1024
-1024
-1024
-1024
-1024
-1024
