0
-9
-19
-28
-38
-47
-57
-66
-75
-85
-94
-103
-113
-122
-132
-141
-150
-160
-169
-178
-187
-197
-206
-215
-224
-234
-243
-252
-261
-270
-279
-288
-297
-306
-315
-324
-333
-342
-351
-360
-369
-377
-386
-395
-403
-412
-421
-429
-438
-446
-455
-463
-472
-480
-488
-497
-505
-513
-521
-529
-537
-545
-553
-561
-569
-577
-584
-592
-600
-607
-615
-623
-630
-637
-645
-652
-659
-666
-674
-681
-688
-695
-702
-708
-715
-722
-729
-735
-742
-748
-755
-761
-767
-773
-779
-786
-792
-798
-803
-809
-815
-821
-826
-832
-837
-843
-848
-853
-858
-863
-868
-873
-878
-883
-888
-893
-897
-902
-906
-910
-915
-919
-923
-927
-931
-935
-939
-942
-946
-950
-953
-957
-960
-963
-966
-969
-972
-975
-978
-981
-983
-986
-989
-991
-993
-996
-998
-1000
-1002
-1004
-1006
-1007
-1009
-1010
-1012
-1013
-1015
-1016
-1017
-1018
-1019
-1020
-1021
-1021
-1022
-1023
-1023
-1023
-1024
-1024
-1024
-1024
-1024
-1024
-1024
-1023
-1023
-1022
-1022
-1021
-1020
-1019
-1018
-1017
-1016
-1015
-1014
-1012
-1011
-1009
-1008
-1006
-1004
-1002
-1000
-998
-996
-994
-992
-989
-987
-984
-982
-979
-976
-973
-970
-967
-964
-961
-958
-954
-951
-947
-944
-940
-936
-932
-928
-924
-920
-916
-912
-907
-903
-899
-894
-889
-885
-880
-875
-870
-865
-860
-855
-850
-844
-839
-834
-828
-822
-817
-811
-805
-799
-794
-788
-782
-775
-769
-763
-757
-750
-744
-737
-731
-724
-717
-711
-704
-697
-690
-683
-676
-669
-662
-654
-647
-640
-632
-625
-618
-610
-602
-595
-587
-579
-572
-564
-556
-548
-540
-532
-524
-516
-507
-499
-491
-483
-474
-466
-458
-449
-441
-432
-424
-415
-406
-398
-389
-380
-371
-363
-354
-345
-336
-327
-318
-309
-300
-291
-282
-273
-264
-255
-246
-237
-227
-218
-209
-200
-191
-181
-172
-163
-153
-144
-135
-125
-116
-107
-97
-88
-78
-69
-60
-50
-41
-31
-22
-13
-3
6
16
25
35
44
53
63
72
82
91
100
110
119
128
138
147
156
166
175
184
194
203
212
221
230
240
249
258
267
276
285
294
303
312
321
330
339
348
357
366
374
383
392
401
409
418
426
435
443
452
460
469
477
485
494
502
510
518
526
535
543
550
558
566
574
582
590
597
605
613
620
628
635
642
650
657
664
671
678
685
692
699
706
713
720
726
733
739
746
752
759
765
771
777
784
790
796
801
807
813
819
824
830
835
841
846
851
857
862
867
872
877
882
886
891
896
900
905
909
913
917
922
926
930
934
937
941
945
948
952
955
959
962
965
968
971
974
977
980
983
985
988
990
993
995
997
999
1001
1003
1005
1007
1008
1010
1011
1013
1014
1016
1017
1018
1019
1020
1020
1021
1022
1022
1023
1023
1024
1024
1024