2047
1891
1447
783
0
-783
-1447
-1891
-2047
-1891
-1447
-783
0
783
1447
1891
2047
1891
1447
783
0
-783
-1447
-1891
-2047
-1891
-1447
-783
0
783
1447
1891
2047
1891
1447
783
0
-783
-1447
-1891
-2047
-1891
-1447
-783
0
783
1447
1891
2047
1891
1447
783
0
-783
-1447
-1891
-2047
-1891
-1447
-783
0
783
1447
1891
2047
1891
1447
783
0
-783
-1447
-1891
-2047
-1891
-1447
-783
0
783
1447
1891
2047
1891
1447
783
0
-783
-1447
-1891
-2047
-1891
-1447
-783
0
783
1447
1891
2047
1891
1447
783
0
-783
-1447
-1891
-2047
-1891
-1447
-783
0
783
1447
1891
2047
1891
1447
783
0
-783
-1447
-1891
-2047
-1891
-1447
-783
0
783
1447
1891
2047
1891
1447
783
0
-783
-1447
-1891
-2047
-1891
-1447
-783
0
783
1447
1891
2047
1891
1447
783
0
-783
-1447
-1891
-2047
-1891
-1447
-783
0
783
1447
1891
2047
1891
1447
783
0
-783
-1447
-1891
-2047
-1891
-1447
-783
0
783
1447
1891
2047
1891
1447
783
0
-783
-1447
-1891
-2047
-1891
-1447
-783
0
783
1447
1891
2047
1891
1447
783
0
-783
-1447
-1891
-2047
-1891
-1447
-783
0
783
1447
1891
2047
1891
1447
783
0
-783
-1447
-1891
-2047
-1891
-1447
-783
0
783
1447
1891
2047
1891