1024
1024
1024
1024
1024
1024
1024
1024
1024
1024
1024
1023
1023
1023
1023
1023
1023
1023
1022
1022
1022
1022
1022
1021
1021
1021
1021
1020
1020
1020
1020
1019
1019
1019
1018
1018
1018
1017
1017
1017
1016
1016
1016
1015
1015
1014
1014
1013
1013
1012
1012
1011
1011
1010
1010
1009
1009
1008
1008
1007
1007
1006
1006
1005
1004
1004
1003
1002
1002
1001
1000
1000
999
998
998
997
996
996
995
994
993
993
992
991
990
989
989
988
987
986
985
984
983
983
982
981
980
979
978
977
976
975
974
973
972
971
970
969
968
967
966
965
964
963
962
961
960
959
958
957
955
954
953
952
951
950
948
947
946
945
944
942
941
940
939
937
936
935
934
932
931
930
928
927
926
924
923
922
920
919
917
916
915
913
912
910
909
907
906
905
903
902
900
899
897
896
894
893
891
889
888
886
885
883
882
880
878
877
875
873
872
870
868
867
865
863
862
860
858
857
855
853
851
850
848
846
844
843
841
839
837
835
834
832
830
828
826
824
822
821
819
817
815
813
811
809
807
805
803
801
799
798
796
794
792
790
788
786
784
782
779
777
775
773
771
769
767
765
763
761
759
757
755
752
750
748
746
744
742
739
737
735
733
731
729
726
724
722
720
717
715
713
711
708
706
704
702
699
697
695
692
690
688
685
683
681
678
676
674
671
669
666
664
662
659
657
654
652
650
647
645
642
640
637
635
632
630
628
625
623
620
618
615
613
610
607
605
602
600
597
595
592
590
587
584
582
579
577
574
572
569
566
564
561
558
556
553
550
548
545
543
540
537
535
532
529
526
524
521
518
516
513
510
507
505
502
499
497
494
491
488
485
483
480
477
474
472
469
466
463
460
458
455
452
449
446
443
441
438
435
432
429
426
424
421
418
415
412
409
406
403
401
398
395
392
389
386
383
380
377
374
371
369
366
363
360
357
354
351
348
345
342
339
336
333
330
327
324
321
318
315
312
309
306
303
300
297
294
291
288
285
282
279
276
273
270
267
264
261
258
255
252
249
246
243
240
237
234
230
227
224
221
218
215
212
209
206
203
200
197
194
191
187
184
181
178
175
172
169
166
163
160
156
153
150
147
144
141
138
135
132
128
125
122
119
116
113
110
107
103
100
97
94
91
88
85
82
78
75
72
69
66
63
60
57
53
50
47
44
41
38
35
31
28
25
22
19
16
13
9
6
3