1024
1024
1024
1024
1023
1023
1022
1022
1021
1020
1020
1019
1018
1017
1016
1014
1013
1011
1010
1008
1007
1005
1003
1001
999
997
995
993
990
988
985
983
980
977
974
971
968
965
962
959
955
952
948
945
941
937
934
930
926
922
917
913
909
905
900
896
891
886
882
877
872
867
862
857
851
846
841
835
830
824
819
813
807
801
796
790
784
777
771
765
759
752
746
739
733
726
720
713
706
699
692
685
678
671
664
657
650
642
635
628
620
613
605
597
590
582
574
566
558
550
543
535
526
518
510
502
494
485
477
469
460
452
443
435
426
418
409
401
392
383
374
366
357
348
339
330
321
312
303
294
285
276
267
258
249
240
230
221
212
203
194
184
175
166
156
147
138
128
119
110
100
91
82
72
63
53
44
35
25
16
6
-3
-13
-22
-31
-41
-50
-60
-69
-78
-88
-97
-107
-116
-125
-135
-144
-153
-163
-172
-181
-191
-200
-209
-218
-227
-237
-246
-255
-264
-273
-282
-291
-300
-309
-318
-327
-336
-345
-354
-363
-371
-380
-389
-398
-406
-415
-424
-432
-441
-449
-458
-466
-474
-483
-491
-499
-507
-516
-524
-532
-540
-548
-556
-564
-572
-579
-587
-595
-602
-610
-618
-625
-632
-640
-647
-654
-662
-669
-676
-683
-690
-697
-704
-711
-717
-724
-731
-737
-744
-750
-757
-763
-769
-775
-782
-788
-794
-799
-805
-811
-817
-822
-828
-834
-839
-844
-850
-855
-860
-865
-870
-875
-880
-885
-889
-894
-899
-903
-907
-912
-916
-920
-924
-928
-932
-936
-940
-944
-947
-951
-954
-958
-961
-964
-967
-970
-973
-976
-979
-982
-984
-987
-989
-992
-994
-996
-998
-1000
-1002
-1004
-1006
-1008
-1009
-1011
-1012
-1014
-1015
-1016
-1017
-1018
-1019
-1020
-1021
-1022
-1022
-1023
-1023
-1024
-1024
-1024
-1024
-1024
-1024
-1024
-1023
-1023
-1023
-1022
-1021
-1021
-1020
-1019
-1018
-1017
-1016
-1015
-1013
-1012
-1010
-1009
-1007
-1006
-1004
-1002
-1000
-998
-996
-993
-991
-989
-986
-983
-981
-978
-975
-972
-969
-966
-963
-960
-957
-953
-950
-946
-942
-939
-935
-931
-927
-923
-919
-915
-910
-906
-902
-897
-893
-888
-883
-878
-873
-868
-863
-858
-853
-848
-843
-837
-832
-826
-821
-815
-809
-803
-798
-792
-786
-779
-773
-767
-761
-755
-748
-742
-735
-729
-722
-715
-708
-702
-695
-688
-681
-674
-666
-659
-652
-645
-637
-630
-623
-615
-607
-600
-592
-584
-577
-569
-561
-553
-545
-537
-529
-521
-513
-505
-497
-488
-480
-472
-463
-455
-446
-438
-429
-421
-412
-403
-395
-386
-377
-369
-360
-351
-342
-333
-324
-315
-306
-297
-288
-279
-270
-261
-252
-243
-234
-224
-215
-206
-197
-187
-178
-169
-160
-150
-141
-132
-122
-113
-103
-94
-85
-75
-66
-57
-47
-38
-28
-19
-9