1024
1024
1024
1024
1024
1024
1024
1023
1023
1023
1023
1023
1022
1022
1022
1022
1021
1021
1020
1020
1020
1019
1019
1018
1018
1017
1017
1016
1016
1015
1014
1014
1013
1012
1011
1011
1010
1009
1008
1008
1007
1006
1005
1004
1003
1002
1001
1000
999
998
997
996
995
994
993
991
990
989
988
986
985
984
983
981
980
979
977
976
974
973
971
970
968
967
965
964
962
960
959
957
955
954
952
950
948
947
945
943
941
939
937
936
934
932
930
928
926
924
922
920
917
915
913
911
909
907
905
902
900
898
896
893
891
889
886
884
882
879
877
874
872
869
867
864
862
859
857
854
851
849
846
843
841
838
835
833
830
827
824
822
819
816
813
810
807
804
801
798
796
793
790
787
784
780
777
774
771
768
765
762
759
756
752
749
746
743
739
736
733
730
726
723
720
716
713
709
706
703
699
696
692
689
685
682
678
675
671
668
664
660
657
653
650
646
642
639
635
631
628
624
620
616
613
609
605
601
597
593
590
586
582
578
574
570
566
562
558
554
550
547
543
539
535
530
526
522
518
514
510
506
502
498
494
490
485
481
477
473
469
465
460
456
452
448
443
439
435
431
426
422
418
414
409
405
401
396
392
388
383
379
374
370
366
361
357
352
348
343
339
335
330
326
321
317
312
308
303
299
294
290
285
281
276
272
267
263
258
253
249
244
240
235
230
226
221
217
212
207
203
198
194
189
184
180
175
170
166
161
156
152
147
142
138
133
128
124
119
114
110
105
100
96
91
86
82
77
72
67
63
58
53
49
44
39
35
30
25
20
16
11
6
2
-3
-8
-13
-17
-22
-27
-31
-36
-41
-46
-50
-55
-60
-64
-69
-74
-78
-83
-88
-93
-97
-102
-107
-111
-116
-121
-125
-130
-135
-139
-144
-149
-153
-158
-163
-167
-172
-177
-181
-186
-191
-195
-200
-204
-209
-214
-218
-223
-227
-232
-237
-241
-246
-250
-255
-259
-264
-269
-273
-278
-282
-287
-291
-296
-300
-305
-309
-314
-318
-323
-327
-332
-336
-341
-345
-349
-354
-358
-363
-367
-371
-376
-380
-385
-389
-393
-398
-402
-406
-411
-415
-419
-424
-428
-432
-436
-441
-445
-449
-453
-458
-462
-466
-470
-474
-479
-483
-487
-491
-495
-499
-503
-507
-512
-516
-520
-524
-528
-532
-536
-540
-544
-548
-552
-556
-560
-564
-568
-572
-575
-579
-583
-587
-591
-595
-599
-602
-606
-610
-614
-618
-621
-625
-629
-632
-636
-640
-644
-647
-651
-654
-658
-662
-665
-669
-672
-676
-679
-683
-687
-690
-693
-697
-700
-704
-707
-711
-714
-717
-721
-724
-727
-731
-734
-737
-741
-744
-747
-750
-753
-757
-760
-763
-766
-769
-772
-775
-778
-782
-785
-788
-791
-794
-797
-799
-802
-805
-808
-811
-814
-817
-820
-822
-825
-828
-831
-834
-836
-839
-842
-844
-847
-850
-852
-855
-857
-860
-863
-865
-868
-870
-873
-875
-878
-880
-882
-885
-887
-889
-892
-894
-896
-899
-901
-903
-905
-907
-910
-912
-914
-916
-918
-920
-922
-924
-926
-928
-930
-932
-934
-936
-938
-940
-942
-944
-945
-947
-949
-951
-953
-954
-956
-958
-959
-961
-963
-964
-966
-967
-969
-970
-972
-973
-975
-976
-978
-979
-980
-982
-983
-984
-986
-987
-988
-989
-991
-992
-993
-994
-995
-996
-997
-998
-999
-1000
-1001
-1002
-1003
-1004
-1005
-1006
-1007
-1008
-1009
-1009
-1010
-1011
-1012
-1012
-1013
-1014
-1014
-1015
-1016
-1016
-1017
-1017
-1018
-1018
-1019
-1019
-1020
-1020
-1021
-1021
-1021
-1022
-1022
-1022
-1023
-1023
-1023
-1023
-1023
-1024
-1024
-1024
-1024
-1024
-1024
-1024
-1024
-1024
-1024
-1024
-1024
-1024
-1024
-1023
-1023
-1023
-1023
-1023
-1022
-1022
-1022
-1021
-1021
-1021
-1020
-1020
-1020
-1019
-1019
-1018
-1018
-1017
-1016
-1016
-1015
-1015
-1014
-1013
-1013
-1012
-1011
-1010
-1010
-1009
-1008
-1007
-1006
-1006
-1005
-1004
-1003
-1002
-1001
-1000
-999
-998
-997
-996
-994
-993
-992
-991
-990
-989
-987
-986
-985
-983
-982
-981
-979
-978
-977
-975
-974
-972
-971
-969
-968
-966
-965
-963
-961
-960
-958
-957
-955
-953
-951
-950
-948
-946
-944
-942
-941
-939
-937
-935
-933
-931
-929
-927
-925
-923
-921
-919
-917
-915
-913
-910
-908
-906
-904
-902
-899
-897
-895
-893
-890
-888
-885
-883
-881
-878
-876
-873
-871
-868
-866
-863
-861
-858
-856
-853
-851
-848
-845
-843
-840
-837
-834
-832
-829
-826
-823
-821
-818
-815
-812
-809
-806
-803
-800
-798
-795
-792
-789
-786
-783
-779
-776
-773
-770
-767
-764
-761
-758
-755
-751
-748
-745
-742
-738
-735
-732
-729
-725
-722
-719
-715
-712
-708
-705
-702
-698
-695
-691
-688
-684
-681
-677
-674
-670
-666
-663
-659
-656
-652
-648
-645
-641
-637
-634
-630
-626
-623
-619
-615
-611
-607
-604
-600
-596
-592
-588
-584
-581
-577
-573
-569
-565
-561
-557
-553
-549
-545
-541
-537
-533
-529
-525
-521
-517
-513
-509
-505
-501
-497
-492
-488
-484
-480
-476
-472
-467
-463
-459
-455
-451
-446
-442
-438
-434
-429
-425
-421
-416
-412
-408
-403
-399
-395
-390
-386
-382
-377
-373
-369
-364
-360
-355
-351
-346
-342
-338
-333
-329
-324
-320
-315
-311
-306
-302
-297
-293
-288
-284
-279
-275
-270
-266
-261
-256
-252
-247
-243
-238
-234
-229
-224
-220
-215
-211
-206
-201
-197
-192
-187
-183
-178
-174
-169
-164
-160
-155
-150
-146
-141
-136
-132
-127
-122
-118
-113
-108
-103
-99
-94
-89
-85
-80
-75
-71
-66
-61
-57
-52
-47
-42
-38
-33
-28
-24
-19
-14
-9
-5