2.047500e+03	-1	-5.000000e-01	0
-3.555249e+00	2.928177e-01	1.408840e-01	2.928177e-01
-1.207182e+00	-5.000000e-01	-2.071823e-01	5.000000e-01
0	0	0	0
-1.439365e+01	6.906077e-02	3.453039e-02	6.906077e-02
2.070755e-01	4.789250e-01	2.070755e-01	-6.477405e-02
1.707633e-01	1.707633e-01	2.849806e-02	2.849806e-02
2.070755e-01	7.571560e-01	2.070755e-01	-3.430050e-01
-3.943370e+00	-6.436464e-01	-3.190608e-01	7.734807e-02
-2.952115e+00	9.035534e-01	3.968667e-01	2.373306e-01
-7.181863e-01	-1.770550e-01	-1.159763e-01	4.251549e-01
4.914304e-01	1.047892e+00	2.157520e-01	-3.407100e-01
0	0	0	0
0	0	0	0
0	0	0	0
0	0	0	0
-5.762293e+01	1.795580e-02	1.243094e-02	1.795580e-02
4.883856e-02	1.126530e-01	4.883856e-02	-1.497589e-02
4.237508e-02	4.237508e-02	6.463478e-03	6.463478e-03
4.883856e-02	1.764674e-01	4.883856e-02	-7.879033e-02
2.070755e-01	4.174886e-01	2.070755e-01	-3.337619e-03
1.775341e+00	-1.701036e-01	-8.038465e-02	-1.701036e-01
5.221887e-01	2.087153e-01	8.416498e-02	-2.293084e-01
-1.052277e-01	-4.580706e-02	1.361353e-02	-4.580706e-02
6.502043e-01	1.540322e-02	8.139442e-03	9.306035e-03
4.006313e-01	1.119720e-01	4.990396e-02	-7.946427e-02
5.088248e-02	3.580459e-02	4.502065e-03	-1.057583e-02
-4.834143e-02	2.308388e-01	8.864808e-02	-1.905322e-01
2.070755e-01	4.242573e-01	2.070755e-01	-1.010634e-02
3.055390e+00	-3.760023e-01	-1.615964e-01	-3.760023e-01
5.586756e-01	2.079014e-01	8.497880e-02	-2.657954e-01
-5.714891e-01	-2.425671e-01	8.635495e-02	-2.425671e-01
-1.475622e+01	-6.906077e-01	-3.446133e-01	1.795580e-02
-2.498833e+00	3.281474e-01	1.520186e-01	1.979660e-01
-8.147168e-01	-3.126564e-01	-1.386118e-01	3.634485e-01
6.171877e-02	1.861569e-01	4.767960e-02	-7.675857e-02
-1.273738e+01	5.761071e-01	2.860199e-01	6.679531e-02
2.397715e+00	3.135250e-01	1.288348e-01	-2.841669e-01
8.086620e-01	4.295237e-01	1.317906e-01	-2.473477e-01
8.942709e-02	7.795199e-01	2.462449e-01	-4.438479e-01
-2.277840e+00	-4.411274e-01	-2.192544e-01	6.547682e-02
-1.752797e+00	8.064528e-01	3.512900e-01	9.421350e-02
-4.570691e-01	-8.725868e-02	-7.677412e-02	2.930363e-01
3.479951e-01	1.061656e+00	2.533289e-01	-4.603320e-01
1.261416e+00	4.922559e-01	2.412940e-01	-2.924447e-02
3.899223e+00	-2.917057e-01	-1.330267e-01	-5.102869e-01
6.281437e-01	2.107865e-01	9.436544e-02	-3.229917e-01
-6.721719e-01	4.924108e-02	1.902838e-01	-5.311292e-01
0	0	0	0
0	0	0	0
0	0	0	0
0	0	0	0
0	0	0	0
0	0	0	0
0	0	0	0
0	0	0	0
0	0	0	0
0	0	0	0
0	0	0	0
0	0	0	0
0	0	0	0
0	0	0	0
0	0	0	0
0	0	0	0
-2.304986e+02	4.143646e-03	-1.381215e-03	4.143646e-03
1.269803e-02	3.311865e-02	1.269803e-02	-7.722597e-03
1.293459e-02	1.293459e-02	4.647294e-03	4.647294e-03
1.269803e-02	4.588154e-02	1.269803e-02	-2.048549e-02
4.883856e-02	1.008459e-01	4.883856e-02	-3.168783e-03
4.244899e-01	-4.283463e-02	-2.015577e-02	-4.283463e-02
1.262997e-01	5.265874e-02	1.641679e-02	-5.722420e-02
-2.743628e-02	-1.059068e-02	6.254921e-03	-1.059068e-02
1.599205e-01	5.445690e-03	8.880605e-04	3.246047e-03
9.767841e-02	3.121555e-02	8.720718e-03	-1.774705e-02
1.308731e-02	5.753434e-03	3.388280e-03	-3.945598e-03
-1.203853e-02	5.554132e-02	2.118024e-02	-4.639961e-02
4.883856e-02	1.046147e-01	4.883856e-02	-6.937555e-03
7.205598e-01	-9.168797e-02	-3.800527e-02	-9.168797e-02
1.319469e-01	4.731587e-02	2.175966e-02	-6.287136e-02
-1.291260e-01	-5.571913e-02	1.768775e-02	-5.571913e-02
2.070755e-01	4.196129e-01	2.070755e-01	-5.461906e-03
1.492001e+00	-1.266683e-01	-5.770249e-02	-1.266683e-01
4.982017e-01	2.075704e-01	8.530982e-02	-2.053214e-01
-3.775858e-03	-2.360305e-03	-9.447530e-04	-2.360305e-03
7.210338e+00	-4.263879e-02	-2.369543e-02	-4.263879e-02
-1.202943e-01	-2.845129e-01	-1.202943e-01	4.392437e-02
-9.610483e-02	-9.610483e-02	-1.758838e-02	-1.758838e-02
-1.202943e-01	-4.483504e-01	-1.202943e-01	2.077618e-01
1.719632e+00	2.671865e-01	1.317966e-01	-2.986091e-02
1.266690e+00	-3.996544e-01	-1.754404e-01	-1.011960e-01
2.974857e-01	7.217938e-02	4.686058e-02	-1.784457e-01
-2.306217e-01	-4.741627e-01	-9.370399e-02	1.498370e-01
-4.441945e-01	6.762420e-03	9.759103e-03	6.762420e-03
-3.239394e-02	-8.068251e-02	-3.239394e-02	1.589462e-02
1.836387e-02	1.836387e-02	8.906301e-04	8.906301e-04
-3.239394e-02	-1.619573e-01	-3.239394e-02	9.716943e-02
2.587178e+00	6.731041e-03	6.161576e-03	7.464096e-04
2.066718e-02	1.766628e-02	1.014132e-02	-4.903235e-03
8.323841e-03	7.971043e-03	3.541096e-03	3.188298e-03
4.008213e-03	3.064634e-02	9.153913e-03	-1.748421e-02
1.416374e+00	1.349468e-01	6.437839e-02	-1.317423e-02
5.845708e-01	-1.533640e-01	-6.501659e-02	-4.945165e-02
1.511895e-01	4.364506e-02	2.693733e-02	-8.060708e-02
-8.016264e-02	-1.611483e-01	-3.222881e-02	4.875686e-02
1.982401e-01	1.140672e-03	3.424428e-03	7.246904e-04
1.158057e-01	4.480130e-03	3.118256e-03	-2.212258e-02
8.406597e-03	5.430565e-03	9.369960e-04	-2.039036e-03
-3.018356e-02	1.876040e-02	1.522548e-02	-3.371848e-02
-4.222519e-01	1.501146e-01	7.203690e-02	6.734746e-03
1.107916e+00	-2.325992e-01	-9.503405e-02	-1.273024e-01
2.076579e-01	9.262406e-02	3.275665e-02	-8.227721e-02
-2.723062e-01	-2.748452e-01	2.824269e-03	5.363274e-03
2.070755e-01	4.137570e-01	2.070755e-01	3.939516e-04
1.513940e+00	-1.265957e-01	-6.063935e-02	-1.265957e-01
5.019462e-01	2.091266e-01	8.375361e-02	-2.090659e-01
-1.423624e-02	-7.147024e-03	-5.780317e-05	-7.147024e-03
1.242193e+01	-8.005877e-02	-4.025497e-02	-8.005877e-02
-2.659021e-01	-6.193863e-01	-2.659021e-01	8.758198e-02
-1.981265e-01	-1.981265e-01	-3.042968e-02	-3.042968e-02
-2.659021e-01	-9.917549e-01	-2.659021e-01	4.599506e-01
1.870433e+00	2.665164e-01	1.307082e-01	-3.295487e-02
1.344719e+00	-4.480443e-01	-1.939393e-01	-1.146389e-01
3.013853e-01	6.967191e-02	5.051910e-02	-1.811943e-01
-2.754586e-01	-5.440012e-01	-1.004730e-01	1.680696e-01
-2.401875e+00	4.638171e-02	2.315492e-02	4.638171e-02
-1.715392e-01	-4.257009e-01	-1.715392e-01	8.262254e-02
1.066514e-01	1.066514e-01	1.548600e-02	1.548600e-02
-1.715392e-01	-8.559739e-01	-1.715392e-01	5.128956e-01
-5.797859e+01	-6.995856e-01	-3.515193e-01	4.834254e-03
-2.504455e+00	2.373554e-01	1.119376e-01	2.016193e-01
-8.450749e-01	-3.439913e-01	-1.434175e-01	3.576661e-01
1.397431e-02	4.332896e-02	1.142174e-02	-1.793291e-02
-1.026493e+01	1.495175e-01	7.182511e-02	4.825765e-02
5.770672e-01	3.076413e-01	1.318486e-01	-8.831679e-02
2.495413e-01	1.741302e-01	4.087950e-02	-3.453155e-02
1.256900e-01	5.396783e-01	1.543060e-01	-2.596822e-01
-2.637635e+00	-4.514753e-01	-2.256766e-01	5.591920e-02
-1.993613e+00	6.688549e-01	2.926883e-01	1.476495e-01
-4.939624e-01	-1.155823e-01	-8.046535e-02	2.979148e-01
3.399386e-01	8.030442e-01	1.741101e-01	-2.889954e-01
9.806153e-02	1.017182e-01	5.030085e-02	-3.205507e-03
7.313068e-01	-7.845801e-02	-3.563439e-02	-9.062683e-02
1.322667e-01	4.913660e-02	1.829974e-02	-6.483037e-02
-1.311219e-01	-4.084689e-02	2.255725e-02	-6.771771e-02
-5.175180e+01	5.192650e-01	2.622740e-01	2.072539e-02
1.850698e+00	-3.199183e-02	-2.170345e-02	-1.673516e-01
6.491248e-01	2.930917e-01	1.114447e-01	-2.445884e-01
4.227630e-02	1.780327e-01	5.219663e-02	-8.355979e-02
9.026996e+00	4.097531e-01	2.048249e-01	-5.071354e-02
1.799701e+00	-5.347989e-01	-2.379228e-01	-1.401018e-01
4.533961e-01	1.100628e-01	7.215654e-02	-2.711767e-01
-2.675877e-01	-6.028779e-01	-1.343279e-01	2.009623e-01
2.759086e+00	3.372455e-01	1.659881e-01	-2.767137e-02
1.949794e+00	-3.662339e-01	-1.614496e-01	-2.071046e-01
4.113237e-01	1.240863e-01	6.231363e-02	-2.249238e-01
-3.301387e-01	-3.315586e-01	-1.970120e-02	-1.828127e-02
-3.449656e-01	4.736927e-01	2.301499e-01	-1.168679e-03
3.342019e+00	-5.203983e-01	-2.212772e-01	-3.952924e-01
6.321792e-01	2.515217e-01	9.675840e-02	-2.838991e-01
-6.826163e-01	-4.782091e-01	5.485345e-02	-1.495537e-01
-8.398200e+00	-4.862839e-01	-2.431347e-01	1.625766e-02
-1.749052e+00	2.512765e-01	1.155322e-01	1.344136e-01
-5.676487e-01	-2.134184e-01	-9.668718e-02	2.575431e-01
4.931826e-02	1.624717e-01	4.328983e-02	-6.986358e-02
-7.910981e+00	5.765233e-01	2.845324e-01	3.873776e-02
2.446809e+00	7.762345e-02	2.640750e-02	-2.696031e-01
7.740012e-01	3.714250e-01	1.254271e-01	-2.771491e-01
-1.877798e-02	4.191872e-01	1.520302e-01	-2.859350e-01
-1.413623e+00	-3.097155e-01	-1.542330e-01	4.929505e-02
-1.122661e+00	5.782169e-01	2.505676e-01	4.704534e-02
-3.135664e-01	-5.521339e-02	-5.337321e-02	2.049798e-01
2.186012e-01	7.762738e-01	1.958590e-01	-3.618136e-01
6.119407e-01	5.347624e-01	2.611096e-01	-1.583217e-02
4.191701e+00	-4.555404e-01	-2.017740e-01	-5.312491e-01
6.904917e-01	2.540668e-01	1.042327e-01	-3.321922e-01
-8.091341e-01	-2.262029e-01	1.580567e-01	-4.248745e-01
4.307151e+00	4.970449e-01	2.469657e-01	-5.497199e-03
1.814481e+00	-1.840783e-01	-8.507620e-02	-1.528682e-01
5.971301e-01	2.419078e-01	9.936980e-02	-2.558525e-01
-3.032870e-02	-5.364918e-02	-1.103365e-02	1.228683e-02
1.562539e+01	4.719993e-02	2.471665e-02	-1.004154e-01
3.544813e-01	-8.504639e-01	-3.665748e-01	3.740083e-02
-6.467410e-02	-1.773139e-01	-1.083431e-02	-1.234741e-01
-3.938376e-01	-1.278614e+00	-3.278941e-01	5.568821e-01
2.078509e+00	3.168749e-01	1.582869e-01	-4.109568e-02
1.512731e+00	-5.593946e-01	-2.418987e-01	-1.151794e-01
3.469297e-01	7.570072e-02	5.776641e-02	-2.134626e-01
-3.135803e-01	-7.041482e-01	-1.432479e-01	2.473201e-01
-3.054193e+00	2.055373e-01	1.026677e-01	5.730072e-02
1.285219e+00	-7.500861e-01	-3.077837e-01	-8.805927e-02
3.193450e-01	2.154552e-01	5.367548e-02	-5.021430e-02
-5.929074e-01	-1.266237e+00	-1.583030e-01	5.150263e-01
0	0	0	0
0	0	0	0
0	0	0	0
0	0	0	0
0	0	0	0
0	0	0	0
0	0	0	0
0	0	0	0
0	0	0	0
0	0	0	0
0	0	0	0
0	0	0	0
0	0	0	0
0	0	0	0
0	0	0	0
0	0	0	0
0	0	0	0
0	0	0	0
0	0	0	0
0	0	0	0
0	0	0	0
0	0	0	0
0	0	0	0
0	0	0	0
0	0	0	0
0	0	0	0
0	0	0	0
0	0	0	0
0	0	0	0
0	0	0	0
0	0	0	0
0	0	0	0
0	0	0	0
0	0	0	0
0	0	0	0
0	0	0	0
0	0	0	0
0	0	0	0
0	0	0	0
0	0	0	0
0	0	0	0
0	0	0	0
0	0	0	0
0	0	0	0
0	0	0	0
0	0	0	0
0	0	0	0
0	0	0	0
0	0	0	0
0	0	0	0
0	0	0	0
0	0	0	0
0	0	0	0
0	0	0	0
0	0	0	0
0	0	0	0
0	0	0	0
0	0	0	0
0	0	0	0
0	0	0	0
0	0	0	0
0	0	0	0
0	0	0	0
0	0	0	0
-9.220124e+02	1.243094e-02	-6.906077e-03	1.243094e-02
2.930313e-03	1.058805e-02	2.930313e-03	-4.727420e-03
3.166875e-03	3.166875e-03	-5.120418e-03	-5.120418e-03
2.930313e-03	5.482891e-03	2.930313e-03	3.777357e-04
1.269803e-02	2.705771e-02	1.269803e-02	-1.661656e-03
1.089593e-01	-2.669552e-03	-9.936519e-03	-2.669552e-03
3.057205e-02	8.996741e-03	8.962897e-03	-1.261241e-02
-1.135090e-02	-5.461284e-03	4.283308e-04	-5.461284e-03
4.400335e-02	3.003762e-03	5.018353e-03	-2.871173e-04
2.343949e-02	6.559918e-03	7.438287e-03	-8.492558e-04
7.634830e-03	3.841072e-03	2.731896e-03	-1.061861e-03
-4.738799e-03	1.799289e-02	1.131177e-02	-1.141992e-02
1.269803e-02	3.226588e-02	1.269803e-02	-6.869830e-03
1.778286e-01	-2.119949e-02	-5.643193e-03	-2.119949e-02
3.312382e-02	9.379104e-03	8.580534e-03	-1.516418e-02
-2.992408e-02	-1.448697e-02	9.501284e-04	-1.448697e-02
4.883856e-02	1.030980e-01	4.883856e-02	-5.420889e-03
3.680274e-01	-3.477007e-02	-1.322156e-02	-3.477007e-02
1.225434e-01	4.669792e-02	2.237761e-02	-5.346786e-02
-5.451902e-03	-2.240907e-03	9.700874e-04	-2.240907e-03
1.695434e+00	-4.508478e-03	1.154229e-02	-4.508478e-03
-3.029189e-02	-6.944109e-02	-3.029189e-02	8.857308e-03
-2.489482e-02	-2.489482e-02	-3.612796e-03	-3.612796e-03
-3.029189e-02	-1.040886e-01	-3.029189e-02	4.350478e-02
4.134745e-01	6.885119e-02	2.605308e-02	-3.179833e-03
3.048888e-01	-9.303977e-02	-4.460897e-02	-1.828271e-02
6.935279e-02	1.574588e-02	7.473443e-03	-4.613347e-02
-5.647454e-02	-1.176669e-01	-2.446135e-02	3.673104e-02
-1.137334e-01	-2.900772e-03	9.789819e-03	-2.900772e-03
-7.489543e-03	-2.150581e-02	-7.489543e-03	6.526726e-03
7.864639e-03	7.864639e-03	9.821000e-04	9.821000e-04
-7.489543e-03	-3.749737e-02	-7.489543e-03	2.251828e-02
6.409803e-01	1.939234e-03	-3.108689e-03	-1.287735e-04
9.439873e-03	9.037336e-05	7.444349e-03	-1.570212e-03
2.025073e-03	-7.365994e-04	1.992641e-03	-7.690313e-04
-4.168750e-03	7.254388e-03	8.759845e-03	-2.663293e-03
3.476214e-01	2.947500e-02	1.231399e-02	1.303246e-03
1.471489e-01	-3.673419e-02	-8.741326e-03	-1.337300e-02
3.562571e-02	7.424147e-03	4.910129e-03	-2.329143e-02
-2.322122e-02	-3.939997e-02	-1.879577e-03	1.429917e-02
4.951310e-02	-1.182895e-03	2.628913e-03	1.390129e-03
2.815183e-02	-5.434943e-03	-2.526250e-03	-3.915733e-03
4.811045e-03	4.134811e-03	6.574529e-04	-1.878060e-05
-6.042017e-03	3.026663e-03	4.615023e-04	-8.607177e-03
-1.096157e-01	3.665960e-02	2.099375e-02	3.808250e-03
2.735794e-01	-6.034145e-02	-2.771077e-02	-2.841583e-02
5.198932e-02	2.439430e-02	5.562286e-03	-2.203274e-02
-6.696580e-02	-6.825328e-02	1.339835e-03	2.627320e-03
4.883856e-02	9.945514e-02	4.883856e-02	-1.778029e-03
3.667944e-01	-2.779142e-02	-1.528493e-02	-2.779142e-02
1.173757e-01	5.698317e-02	1.209235e-02	-4.830017e-02
-5.865096e-03	-4.906116e-03	-3.947137e-03	-4.906116e-03
2.922959e+00	-1.845929e-02	-3.801271e-03	-1.845929e-02
-6.484011e-02	-1.444729e-01	-6.484011e-02	1.479264e-02
-4.890499e-02	-4.890499e-02	-4.848318e-03	-4.848318e-03
-6.484011e-02	-2.389971e-01	-6.484011e-02	1.093169e-01
4.480589e-01	5.442020e-02	3.337516e-02	-8.066678e-03
3.201504e-01	-1.123915e-01	-4.578576e-02	-2.812935e-02
7.208734e-02	1.849085e-02	1.228524e-02	-4.131125e-02
-6.829052e-02	-1.275143e-01	-2.063250e-02	3.859130e-02
-5.499211e-01	1.346177e-02	6.493472e-03	1.346177e-02
-3.940358e-02	-1.047665e-01	-3.940358e-02	2.595934e-02
2.259706e-02	2.259706e-02	2.419872e-03	2.419872e-03
-3.940358e-02	-1.877948e-01	-3.940358e-02	1.089877e-01
2.070755e-01	4.208892e-01	2.070755e-01	-6.738195e-03
1.479358e+00	-1.169579e-01	-5.847114e-02	-1.169579e-01
5.009228e-01	1.995916e-01	9.328869e-02	-2.080425e-01
-1.130171e-02	-3.862563e-03	3.576579e-03	-3.862563e-03
6.038999e+00	-3.169240e-02	-7.609035e-03	-3.169240e-02
-8.957759e-02	-1.979603e-01	-8.957759e-02	1.880515e-02
-6.789427e-02	-6.789427e-02	-1.371809e-02	-1.371809e-02
-8.957759e-02	-3.296006e-01	-8.957759e-02	1.504454e-01
1.643240e+00	2.637928e-01	1.282353e-01	-4.246120e-02
1.229271e+00	-3.779323e-01	-1.649122e-01	-9.926587e-02
2.976400e-01	7.498660e-02	4.567259e-02	-1.769808e-01
-1.997918e-01	-4.395043e-01	-9.060758e-02	1.491049e-01
-1.825543e-02	-7.240211e-04	4.600038e-03	-7.240211e-04
-1.669166e-03	-7.910050e-03	-1.669166e-03	4.571717e-03
-3.362042e-03	-3.362042e-03	2.025817e-03	2.025817e-03
-1.669166e-03	-7.118267e-03	-1.669166e-03	3.779934e-03
2.888053e+01	-8.772475e-03	-2.163209e-02	-8.772475e-03
-3.015340e-02	-7.207149e-02	-3.015340e-02	1.176468e-02
-2.560919e-02	-2.560919e-02	-7.904786e-03	-7.904786e-03
-3.015340e-02	-9.527931e-02	-3.015340e-02	3.497251e-02
-1.202943e-01	-2.451366e-01	-1.202943e-01	4.548009e-03
-1.046652e+00	9.750264e-02	4.683658e-02	9.750264e-02
-3.025968e-01	-1.259031e-01	-4.423691e-02	1.324568e-01
6.533738e-02	3.106254e-02	-3.212307e-03	3.106254e-02
-3.755108e-01	-7.178035e-03	-2.031530e-03	3.010156e-04
-2.277063e-01	-6.517504e-02	-2.875346e-02	4.978027e-02
-3.349755e-02	-2.293962e-02	-1.936768e-03	8.621169e-03
2.797896e-02	-1.365348e-01	-5.285535e-02	1.116584e-01
-1.202943e-01	-2.485974e-01	-1.202943e-01	8.008869e-03
-1.818053e+00	2.261755e-01	9.744027e-02	2.261755e-01
-3.277697e-01	-1.215234e-01	-4.861656e-02	1.576298e-01
3.458733e-01	1.469255e-01	-5.202234e-02	1.469255e-01
6.452358e+00	2.886430e-01	1.470561e-01	-9.527693e-03
1.029183e+00	-1.325019e-01	-6.574383e-02	-7.513935e-02
3.322022e-01	1.303386e-01	5.606983e-02	-1.457937e-01
-2.447521e-02	-7.344191e-02	-1.775901e-02	3.120769e-02
5.468880e+00	-2.532619e-01	-1.213894e-01	-2.746960e-02
-1.069603e+00	-1.306333e-01	-6.219710e-02	1.319196e-01
-3.588969e-01	-1.890213e-01	-5.911543e-02	1.107602e-01
-3.385119e-02	-3.360266e-01	-1.092769e-01	1.928985e-01
9.426883e-01	1.819010e-01	9.723478e-02	-3.188128e-02
7.272410e-01	-3.372353e-01	-1.422747e-01	-4.355501e-02
1.851546e-01	3.445556e-02	3.182240e-02	-1.188766e-01
-1.481186e-01	-4.443920e-01	-1.042687e-01	1.920047e-01
-6.127069e-01	-2.165813e-01	-1.071947e-01	1.399601e-02
-1.750051e+00	1.251387e-01	5.741302e-02	2.262212e-01
-2.745434e-01	-9.024218e-02	-4.228942e-02	1.420118e-01
3.022787e-01	-4.117634e-02	-9.035454e-02	2.531005e-01
-1.780169e+00	6.733929e-03	-1.007679e-02	6.733929e-03
4.782264e-03	1.074462e-02	4.782264e-03	-1.180088e-03
6.167775e-03	6.167775e-03	7.635155e-03	7.635155e-03
4.782264e-03	1.594265e-02	4.782264e-03	-6.378126e-03
-3.239394e-02	-7.120944e-02	-3.239394e-02	6.421552e-03
-3.044466e-01	2.531956e-02	2.557855e-02	2.531956e-02
-8.271211e-02	-2.826168e-02	-1.755516e-02	3.689526e-02
3.015394e-02	1.124039e-02	-7.673147e-03	1.124039e-02
6.667358e-02	-1.163018e-03	6.630872e-03	1.314030e-03
3.949252e-02	8.144969e-03	1.216909e-02	-7.860171e-03
5.992951e-03	5.810453e-03	-4.550777e-03	-4.733275e-03
-4.884400e-03	2.382718e-02	6.144075e-03	-2.256750e-02
-3.239394e-02	-6.402103e-02	-3.239394e-02	-7.668577e-04
-6.654333e-01	9.018791e-02	2.692410e-02	9.018791e-02
-7.985364e-02	-3.251851e-02	-1.329834e-02	3.403679e-02
1.576526e-01	6.871650e-02	-2.021956e-02	6.871650e-02
1.034648e+01	5.445213e-03	1.181378e-03	-4.394993e-03
8.098546e-03	8.199681e-03	6.709294e-05	2.674972e-03
4.880494e-03	1.625039e-03	7.089675e-03	3.834221e-03
3.048497e-04	5.300710e-03	7.508457e-04	-4.245014e-03
5.890317e-02	2.011519e-02	7.083883e-03	-3.433516e-03
8.098806e-02	-1.291359e-02	-9.473402e-03	-8.627958e-03
1.758135e-02	5.614661e-03	8.728870e-03	-3.237821e-03
-5.059358e-03	-1.195130e-02	-1.875604e-03	5.016338e-03
2.868873e-02	-8.693077e-04	7.873982e-03	-2.398038e-03
1.887888e-02	-1.850382e-03	8.394193e-03	-2.874765e-03
5.045264e-03	6.667089e-03	-1.658688e-03	-3.686285e-05
1.018787e-04	9.864872e-03	4.407537e-03	-5.355456e-03
-1.027186e-02	2.054366e-02	1.142640e-02	-5.665360e-03
1.312980e-01	-1.998113e-02	-5.198538e-03	-1.942819e-02
2.536709e-02	9.019855e-03	3.927116e-03	-1.242012e-02
-2.575339e-02	-1.807197e-02	1.024346e-03	-6.657075e-03
5.450528e+00	1.407735e-01	7.343537e-02	7.602478e-04
5.062945e-01	-5.975886e-02	-2.932689e-02	-3.548063e-02
1.618470e-01	6.018554e-02	3.086897e-02	-7.079254e-02
-8.746475e-03	-2.906137e-02	-9.886684e-03	1.042821e-02
2.483757e+00	-8.927393e-02	-4.252012e-02	-1.367968e-02
-3.715742e-01	-7.259445e-02	-3.508192e-02	4.542525e-02
-1.297444e-01	-7.460320e-02	-1.735397e-02	3.778726e-02
-2.274570e-02	-1.571652e-01	-4.719697e-02	8.722255e-02
4.813442e-01	8.709758e-02	4.543815e-02	-9.122003e-03
3.671198e-01	-1.586870e-01	-6.586154e-02	-1.911129e-02
9.569027e-02	2.120058e-02	1.689864e-02	-5.759106e-02
-7.072725e-02	-1.956981e-01	-4.328055e-02	8.169028e-02
-2.160330e-01	-7.071994e-02	-3.244021e-02	-1.457371e-03
-5.921729e-01	4.269417e-02	1.823782e-02	7.539600e-02
-9.536905e-02	-3.159816e-02	-1.398513e-02	4.978576e-02
9.973613e-02	-1.869363e-02	-3.077614e-02	8.765361e-02
8.018771e-01	-2.697687e-03	-4.111142e-03	-2.107778e-03
4.055377e-03	1.255076e-03	3.818865e-04	-2.465686e-03
2.739749e-03	5.696535e-03	-8.531451e-04	2.103641e-03
1.144566e-03	3.256854e-03	-1.195898e-04	-2.231877e-03
4.510076e-01	1.075786e-02	5.284594e-03	-3.827384e-03
6.787295e-02	-3.669112e-02	-1.353465e-02	-4.974110e-03
1.389558e-02	3.592136e-03	8.182148e-04	-9.485232e-03
-1.632923e-02	-4.877239e-02	-1.496017e-02	1.748299e-02
3.467646e-02	-6.765344e-04	9.073062e-04	-1.280840e-03
2.266980e-02	-3.063292e-04	-4.178161e-04	-6.584054e-03
2.485002e-03	5.330504e-04	7.922037e-04	-1.159748e-03
-5.520034e-03	1.344807e-03	2.636094e-03	-4.228748e-03
-1.574067e-01	1.804730e-02	1.370096e-02	4.924163e-03
1.295485e-01	-4.325358e-02	-1.835547e-02	-1.487141e-02
3.520346e-02	1.825862e-02	3.275756e-03	-1.366908e-02
-4.030691e-02	-7.232775e-02	-7.383308e-03	2.463753e-02
-1.907925e+00	1.443238e-01	7.260458e-02	1.988537e-03
5.188464e-01	-3.563232e-02	-1.463959e-02	-4.394097e-02
1.724209e-01	7.742431e-02	2.446213e-02	-7.053441e-02
4.499541e-03	2.080005e-02	5.025845e-03	-1.127466e-02
4.622068e+00	-1.090131e-01	-5.543134e-02	-2.595932e-02
-4.351460e-01	-2.019452e-01	-8.463002e-02	6.376109e-02
-1.641718e-01	-1.093087e-01	-2.510407e-02	2.975903e-02
-6.975299e-02	-3.665693e-01	-1.102990e-01	1.865173e-01
6.978230e-01	9.262976e-02	4.781920e-02	-7.640255e-03
4.977524e-01	-1.299693e-01	-5.810187e-02	-4.767281e-02
1.089175e-01	2.657150e-02	1.975835e-02	-6.258761e-02
-9.306498e-02	-1.451831e-01	-2.330500e-02	2.881311e-02
-1.033677e+00	-5.252676e-02	-2.092870e-02	1.790758e-02
-7.994030e-01	-7.588513e-02	-3.319633e-02	1.310216e-01
-3.766748e-02	1.019369e-02	-6.199148e-03	4.166202e-02
1.074617e-01	-2.821752e-01	-9.987611e-02	2.897608e-01
2.070755e-01	4.045597e-01	2.070755e-01	9.591244e-03
1.480829e+00	-1.261232e-01	-5.817613e-02	-1.261232e-01
4.957498e-01	2.066026e-01	8.627762e-02	-2.028696e-01
5.398735e-03	2.785956e-04	-4.841544e-03	2.785956e-04
6.134527e+00	-3.331963e-02	-1.212865e-02	-3.331963e-02
-8.952621e-02	-2.033784e-01	-8.952621e-02	2.432601e-02
-7.188820e-02	-7.188820e-02	-1.387795e-02	-1.387795e-02
-8.952621e-02	-3.225866e-01	-8.952621e-02	1.435342e-01
1.647961e+00	2.617144e-01	1.296527e-01	-3.154335e-02
1.230481e+00	-3.778411e-01	-1.629670e-01	-9.810995e-02
2.938044e-01	6.924123e-02	4.921692e-02	-1.753462e-01
-2.105739e-01	-4.412658e-01	-8.512158e-02	1.455703e-01
-7.356849e-02	3.845836e-03	8.931838e-03	3.845836e-03
-5.054249e-03	-1.173084e-02	-5.054249e-03	1.622346e-03
3.325187e-03	3.325187e-03	-3.406942e-03	-3.406942e-03
-5.054249e-03	-2.590681e-02	-5.054249e-03	1.579831e-02
4.975595e+01	-2.844415e-02	-1.132588e-02	-2.844415e-02
-5.661615e-02	-1.291767e-01	-5.661615e-02	1.594443e-02
-5.167312e-02	-5.167312e-02	-5.262080e-03	-5.262080e-03
-5.661615e-02	-2.096360e-01	-5.661615e-02	9.640373e-02
-2.659021e-01	-5.382066e-01	-2.659021e-01	6.402292e-03
-2.292548e+00	2.177890e-01	1.048943e-01	2.177890e-01
-6.714899e-01	-2.676697e-01	-1.084129e-01	2.954073e-01
1.385261e-01	6.193642e-02	-1.465326e-02	6.193642e-02
-7.625585e-01	-1.973574e-02	-4.921292e-03	-5.290544e-03
-4.704882e-01	-1.315273e-01	-5.545471e-02	9.702389e-02
-5.546475e-02	-3.860811e-02	-4.430553e-03	1.242609e-02
6.235226e-02	-2.677304e-01	-1.053909e-01	2.246918e-01
-2.659021e-01	-5.419130e-01	-2.659021e-01	1.010866e-02
-4.018811e+00	4.994308e-01	2.145429e-01	4.994308e-01
-7.133305e-01	-2.667169e-01	-1.093657e-01	3.372479e-01
7.709912e-01	3.252689e-01	-1.204533e-01	3.252689e-01
7.071369e+00	2.849844e-01	1.367979e-01	-1.142028e-02
1.039046e+00	-1.408261e-01	-6.490691e-02	-7.941013e-02
3.360425e-01	1.261155e-01	5.875359e-02	-1.511734e-01
-2.771243e-02	-7.832464e-02	-1.889778e-02	3.171443e-02
5.832854e+00	-2.810465e-01	-1.420858e-01	-3.084394e-02
-1.196059e+00	-1.498037e-01	-6.458660e-02	1.430537e-01
-3.975614e-01	-2.102152e-01	-6.408567e-02	1.232605e-01
-3.986840e-02	-3.786476e-01	-1.222727e-01	2.165064e-01
9.498922e-01	1.855813e-01	9.588678e-02	-2.581913e-02
7.243340e-01	-3.409297e-01	-1.454135e-01	-4.090777e-02
1.912063e-01	3.759482e-02	3.385762e-02	-1.197539e-01
-1.479315e-01	-4.511961e-01	-1.083433e-01	1.949213e-01
-7.598530e-01	-2.403553e-01	-1.151083e-01	1.348227e-02
-2.004671e+00	1.343867e-01	6.481132e-02	2.666410e-01
-3.014363e-01	-9.753669e-02	-4.456878e-02	1.593308e-01
3.499839e-01	-6.347994e-02	-1.122721e-01	3.011917e-01
-9.645661e+00	1.487807e-02	8.405600e-03	1.487807e-02
3.280032e-02	7.272391e-02	3.280032e-02	-7.123259e-03
2.886189e-02	2.886189e-02	3.887614e-03	3.887614e-03
3.280032e-02	1.275617e-01	3.280032e-02	-6.196101e-02
-1.715392e-01	-3.458954e-01	-1.715392e-01	2.817114e-03
-1.609904e+00	1.650441e-01	7.562348e-02	1.650441e-01
-4.343917e-01	-1.689495e-01	-7.366943e-02	1.917728e-01
1.418982e-01	5.842920e-02	-2.503981e-02	5.842920e-02
4.034861e-01	1.357554e-02	7.261831e-03	2.282047e-03
2.474403e-01	7.345926e-02	3.420827e-02	-5.341992e-02
3.121887e-02	2.236646e-02	-4.636092e-04	-9.316024e-03
-3.149526e-02	1.406864e-01	5.339811e-02	-1.187836e-01
-1.715392e-01	-3.444188e-01	-1.715392e-01	1.340539e-03
-3.556163e+00	4.669961e-01	2.008520e-01	4.669961e-01
-4.141493e-01	-1.728230e-01	-6.979588e-02	1.715304e-01
8.796214e-01	3.627107e-01	-1.542000e-01	3.627107e-01
-2.308584e+02	-7.085635e-01	-3.473757e-01	-7.105427e-15
-2.513304e+00	2.188292e-01	1.094699e-01	2.060663e-01
-8.572941e-01	-3.532802e-01	-1.438963e-01	3.601176e-01
2.780555e-03	1.235272e-02	4.056844e-03	-5.515323e-03
-1.017597e+01	7.395131e-02	3.867117e-02	4.553146e-02
2.507791e-01	3.299975e-01	1.423209e-01	-5.168338e-02
1.530770e-01	1.335631e-01	2.475746e-02	5.243621e-03
1.388030e-01	5.338470e-01	1.463602e-01	-2.486838e-01
-2.748449e+00	-4.567671e-01	-2.259969e-01	5.091300e-02
-2.062593e+00	6.458696e-01	2.822556e-01	1.614091e-01
-5.034228e-01	-1.225779e-01	-8.026676e-02	3.005782e-01
3.471375e-01	7.553384e-01	1.587328e-01	-2.494681e-01
1.675964e-02	2.519669e-02	1.426048e-02	-3.195492e-04
1.785667e-01	-2.449457e-02	-9.042457e-03	-2.246379e-02
3.249785e-02	1.134010e-02	4.814402e-03	-1.634335e-02
-3.169836e-02	-1.017068e-02	6.334693e-03	-1.519299e-02
-4.123871e+01	1.140318e-01	5.392702e-02	1.101395e-02
3.929554e-01	5.311253e-02	1.572832e-02	-3.885166e-02
1.510132e-01	7.646084e-02	2.512606e-02	-4.942627e-02
3.318957e-02	1.266954e-01	3.506434e-02	-5.844145e-02
1.873971e+00	2.997054e-01	1.429428e-01	-8.350720e-03
1.257071e+00	-1.911554e-01	-8.309936e-02	-1.125824e-01
3.570477e-01	1.288419e-01	5.764010e-02	-1.705658e-01
-1.059901e-01	-1.397989e-01	-1.892203e-02	1.488679e-02
8.845359e-01	7.513976e-02	3.874492e-02	-2.554802e-04
5.945067e-01	-1.572250e-02	-6.328078e-03	-7.988886e-02
1.089296e-01	4.278308e-02	1.503544e-02	-5.111104e-02
-9.191059e-02	5.368777e-02	4.307038e-02	-1.025280e-01
4.771585e-02	3.092994e-01	1.523126e-01	-6.567783e-03
2.212408e+00	-2.943163e-01	-1.246455e-01	-2.668426e-01
4.106069e-01	1.561129e-01	6.213212e-02	-1.923619e-01
-4.220055e-01	-2.122759e-01	5.472009e-02	-1.550095e-01
-9.834986e+00	-4.831748e-01	-2.425686e-01	1.019052e-02
-1.762803e+00	2.355442e-01	1.146751e-01	1.354820e-01
-5.753736e-01	-2.208489e-01	-9.834013e-02	2.561846e-01
4.690069e-02	1.387173e-01	3.218944e-02	-5.962712e-02
-8.682971e+00	4.429343e-01	2.198217e-01	4.576304e-02
1.849554e+00	1.827816e-01	7.726381e-02	-2.175895e-01
6.119275e-01	3.140218e-01	9.994619e-02	-1.979595e-01
4.357840e-02	5.106763e-01	1.652519e-01	-3.018460e-01
-1.560219e+00	-3.090369e-01	-1.541929e-01	4.759915e-02
-1.212058e+00	5.730215e-01	2.488369e-01	6.324845e-02
-3.205790e-01	-5.922972e-02	-5.457762e-02	2.067716e-01
2.388279e-01	7.558318e-01	1.825322e-01	-3.344717e-01
7.968758e-01	3.894604e-01	1.891392e-01	-1.572086e-02
3.049003e+00	-2.647129e-01	-1.176264e-01	-3.950690e-01
4.957001e-01	1.716093e-01	7.464591e-02	-2.494449e-01
-5.466273e-01	-3.347844e-02	1.378823e-01	-3.752665e-01
2.386989e-01	9.903305e-02	5.285391e-02	1.660225e-03
3.613751e-01	-2.845639e-02	-1.317250e-02	-3.201290e-02
1.206320e-01	5.015476e-02	2.098898e-02	-4.948829e-02
-1.484622e-03	-3.964043e-03	-3.049134e-03	-5.697136e-04
2.960324e+00	-1.086795e-02	-5.227640e-03	-1.900134e-02
-2.902673e-02	-1.504413e-01	-6.203637e-02	1.956793e-02
-3.895645e-02	-4.329410e-02	-7.105926e-03	-1.144357e-02
-6.434494e-02	-2.364559e-01	-6.383443e-02	1.082765e-01
4.432739e-01	6.315840e-02	3.072453e-02	-8.089992e-03
3.200581e-01	-1.086365e-01	-4.640973e-02	-2.601777e-02
7.029588e-02	1.529438e-02	1.058812e-02	-4.441338e-02
-6.685746e-02	-1.334630e-01	-2.483632e-02	4.176921e-02
-5.621398e-01	1.656476e-02	9.009638e-03	1.207802e-02
3.008030e-02	-1.100352e-01	-4.525042e-02	9.660511e-03
3.329886e-02	2.667363e-02	5.230548e-03	-1.394686e-03
-6.007879e-02	-2.089374e-01	-3.569875e-02	1.131599e-01
-2.077662e+02	5.015377e-01	2.541355e-01	3.335712e-03
1.795779e+00	-1.098345e-01	-6.153962e-02	-1.555447e-01
6.171669e-01	2.591560e-01	1.117951e-01	-2.462158e-01
1.464825e-02	4.935529e-02	1.466500e-02	-2.004204e-02
7.336096e+00	7.253650e-02	3.193831e-02	-3.777925e-02
3.317317e-01	-2.845869e-01	-1.264999e-01	-1.114108e-02
4.518646e-02	-3.176103e-02	1.064432e-03	-7.588306e-02
-1.359825e-01	-4.016582e-01	-1.007137e-01	1.649620e-01
2.141988e+00	3.275334e-01	1.616762e-01	-3.469819e-02
1.578863e+00	-4.212856e-01	-1.903348e-01	-1.381657e-01
3.739139e-01	9.426466e-02	6.335877e-02	-2.162904e-01
-2.597242e-01	-4.696497e-01	-8.621303e-02	1.237125e-01
1.823771e-02	1.085136e-01	4.808449e-02	-5.730574e-03
7.417779e-01	-1.006639e-01	-4.149072e-02	-9.601689e-02
1.377602e-01	5.038778e-02	2.343728e-02	-6.393516e-02
-1.353540e-01	-6.911662e-02	1.716995e-02	-4.906739e-02
3.545480e+01	4.476009e-01	2.233749e-01	-1.779197e-02
1.598855e+00	-2.134427e-01	-1.014790e-01	-1.248530e-01
5.193841e-01	1.974113e-01	9.228584e-02	-2.296870e-01
-3.808000e-02	-1.245386e-01	-3.364744e-02	5.281115e-02
7.761219e+00	-3.453407e-01	-1.781596e-01	-3.891556e-02
-1.415821e+00	-1.905121e-01	-7.792357e-02	1.714553e-01
-4.827759e-01	-2.563150e-01	-8.019468e-02	1.462662e-01
-5.449123e-02	-4.592164e-01	-1.436638e-01	2.610614e-01
1.429718e+00	2.817900e-01	1.382812e-01	-3.620448e-02
1.108076e+00	-5.156995e-01	-2.261721e-01	-5.486611e-02
2.903174e-01	5.627085e-02	4.578481e-02	-1.882618e-01
-2.183383e-01	-6.786657e-01	-1.652045e-01	2.951229e-01
-6.444828e-01	-3.005707e-01	-1.393129e-01	1.401539e-02
-2.265326e+00	1.832687e-01	8.173718e-02	2.949420e-01
-3.827890e-01	-1.299539e-01	-6.003472e-02	1.928003e-01
3.838816e-01	-8.941236e-04	-9.964765e-02	2.851281e-01
1.051912e+01	3.483648e-01	1.798814e-01	-1.102204e-02
1.272132e+00	-1.453496e-01	-6.427896e-02	-1.085269e-01
4.156456e-01	1.647708e-01	6.999689e-02	-1.808780e-01
-2.678202e-02	-6.053900e-02	-1.235539e-02	2.140160e-02
8.105073e+00	-1.686495e-01	-8.694404e-02	-5.030252e-02
-6.790797e-01	-3.228895e-01	-1.346094e-01	1.006020e-01
-2.757401e-01	-1.852434e-01	-4.310522e-02	4.739149e-02
-1.297443e-01	-5.811829e-01	-1.631771e-01	2.882615e-01
1.346051e+00	2.186725e-01	1.130419e-01	-3.247104e-02
9.975801e-01	-4.036268e-01	-1.746404e-01	-6.830642e-02
2.369755e-01	4.919885e-02	3.893534e-02	-1.488413e-01
-2.057457e-01	-5.151497e-01	-1.123785e-01	1.970255e-01
-1.181501e+00	-1.045390e-01	-5.744827e-02	2.293316e-02
-9.623807e-01	-9.691110e-02	-3.033007e-02	1.517322e-01
-1.169563e-01	-1.409802e-02	-1.376666e-02	8.909162e-02
8.128967e-02	-3.309071e-01	-1.071460e-01	3.050507e-01
-2.061291e+00	4.534567e-01	2.245403e-01	3.431925e-03
1.659473e+00	-1.234774e-01	-5.777293e-02	-1.382738e-01
5.549318e-01	2.349521e-01	9.056382e-02	-2.294159e-01
-5.996713e-03	1.758215e-02	4.343775e-03	-1.923509e-02
1.371306e+01	-1.734332e-01	-8.572077e-02	-8.583372e-02
-6.866319e-01	-6.474800e-01	-2.778148e-01	1.398608e-01
-3.247930e-01	-2.617772e-01	-5.118956e-02	1.182633e-02
-2.618667e-01	-1.085725e+00	-2.972208e-01	5.266378e-01
2.125166e+00	2.941267e-01	1.442151e-01	-3.479123e-02
1.521350e+00	-4.711410e-01	-2.040813e-01	-1.346405e-01
3.362925e-01	8.053767e-02	5.631399e-02	-1.994408e-01
-3.050801e-01	-5.604016e-01	-9.645675e-02	1.588647e-01
-2.736561e+00	-2.919867e-02	-1.533286e-02	5.062739e-02
-1.045255e+00	-3.659122e-01	-1.453506e-01	2.037938e-01
1.839504e-02	7.932897e-02	-1.746199e-03	5.918773e-02
1.897855e-02	-8.731852e-01	-2.305020e-01	6.616617e-01
-3.285061e+01	-4.916149e-01	-2.505490e-01	-2.861634e-05
-1.768846e+00	1.725073e-01	7.563997e-02	1.451327e-01
-5.954035e-01	-2.442205e-01	-9.966062e-02	2.515223e-01
1.212580e-02	3.873704e-02	1.086846e-02	-1.574278e-02
-7.212148e+00	1.213785e-01	6.131899e-02	3.324192e-02
4.847216e-01	2.066354e-01	8.874444e-02	-6.930825e-02
1.995585e-01	1.302479e-01	3.315677e-02	-3.615377e-02
8.097988e-02	3.745823e-01	1.091300e-01	-1.844724e-01
-1.832629e+00	-3.196587e-01	-1.589081e-01	4.060126e-02
-1.389641e+00	4.760239e-01	2.099835e-01	9.993100e-02
-3.476969e-01	-7.977629e-02	-5.697464e-02	2.109460e-01
2.351826e-01	5.774968e-01	1.290773e-01	-2.132369e-01
6.308360e-02	8.987997e-02	4.485037e-02	-5.408780e-04
6.495981e-01	-7.681614e-02	-3.224726e-02	-8.094629e-02
1.191134e-01	4.337462e-02	1.785298e-02	-5.788581e-02
-1.177279e-01	-4.654571e-02	1.891529e-02	-5.226687e-02
-3.246439e+01	5.420212e-01	2.672290e-01	1.121854e-02
1.934957e+00	-8.631097e-02	-4.900095e-02	-1.688168e-01
6.666023e-01	2.880025e-01	1.144301e-01	-2.641697e-01
2.127933e-02	1.043282e-01	3.350998e-02	-4.953886e-02
9.517056e+00	2.152770e-01	1.095218e-01	-5.462019e-02
9.702948e-01	-4.790150e-01	-2.133721e-01	-5.833204e-02
2.053386e-01	3.540974e-03	3.380886e-02	-1.679888e-01
-2.295416e-01	-6.215882e-01	-1.517756e-01	2.402710e-01
2.606481e+00	3.498317e-01	1.727409e-01	-3.304910e-02
1.868909e+00	-4.438479e-01	-1.937951e-01	-1.806055e-01
4.108249e-01	1.146929e-01	6.270672e-02	-2.334253e-01
-3.283723e-01	-4.652079e-01	-6.361752e-02	7.321808e-02
-4.985247e-01	2.797011e-01	1.378849e-01	5.826851e-03
1.908261e+00	-3.573980e-01	-1.473538e-01	-2.177425e-01
3.778121e-01	1.557388e-01	5.928738e-02	-1.627859e-01
-4.137157e-01	-3.855702e-01	9.299406e-03	-1.884610e-02
-5.147428e+00	-3.446472e-01	-1.727866e-01	1.037013e-02
-1.233856e+00	1.800357e-01	8.097539e-02	9.674342e-02
-3.988549e-01	-1.482264e-01	-6.991524e-02	1.807133e-01
3.648841e-02	1.218907e-01	3.323276e-02	-5.216952e-02
-5.150590e+00	4.247305e-01	2.106536e-01	2.456138e-02
1.809969e+00	1.632656e-02	1.635786e-03	-1.923125e-01
5.655616e-01	2.648030e-01	8.959100e-02	-2.111676e-01
-3.026657e-02	2.495852e-01	9.680584e-02	-1.830459e-01
-9.627840e-01	-2.165141e-01	-1.095181e-01	3.455068e-02
-7.718606e-01	4.095490e-01	1.772509e-01	2.887708e-02
-2.199800e-01	-3.745183e-02	-3.803735e-02	1.444908e-01
1.490244e-01	5.500857e-01	1.408917e-01	-2.601696e-01
2.796403e-01	4.038409e-01	1.976529e-01	-6.729497e-03
3.119328e+00	-3.699058e-01	-1.623815e-01	-3.911723e-01
5.248037e-01	1.978473e-01	7.916879e-02	-2.477876e-01
-6.168294e-01	-2.329062e-01	1.050930e-01	-2.788302e-01
1.660828e+00	5.278641e-01	2.624153e-01	-3.344956e-03
1.924636e+00	-1.710795e-01	-7.870771e-02	-1.621509e-01
6.389560e-01	2.647315e-01	1.045727e-01	-2.696518e-01
-2.139251e-02	-2.137510e-02	-9.999503e-04	-1.017357e-03
1.696168e+01	-5.726933e-02	-2.893085e-02	-1.086751e-01
-1.268309e-01	-8.790174e-01	-3.789264e-01	9.617429e-02
-2.103092e-01	-2.487930e-01	-3.658906e-02	-7.507289e-02
-3.854229e-01	-1.382721e+00	-3.659571e-01	6.313408e-01
2.291668e+00	3.421601e-01	1.694488e-01	-4.131014e-02
1.659653e+00	-5.631264e-01	-2.434094e-01	-1.344307e-01
3.768216e-01	8.660979e-02	6.081320e-02	-2.293986e-01
-3.336428e-01	-6.952089e-01	-1.361982e-01	2.253679e-01
-3.478681e+00	1.181587e-01	5.931240e-02	6.467386e-02
2.721354e-01	-6.860290e-01	-2.791794e-01	5.320636e-02
2.220024e-01	1.866390e-01	3.691082e-02	1.547414e-03
-3.749260e-01	-1.297183e+00	-2.260015e-01	6.962555e-01
1.648226e+01	4.964635e-01	2.478791e-01	1.999805e-03
1.778580e+00	-1.590804e-01	-6.684186e-02	-1.466525e-01
6.012619e-01	2.473213e-01	1.019783e-01	-2.519623e-01
-5.319822e-03	-1.288589e-02	-2.455223e-03	5.110843e-03
7.384493e+00	-5.999632e-02	-3.408309e-02	-3.248734e-02
-2.205860e-01	-2.455817e-01	-1.018852e-01	4.734538e-02
-1.188320e-01	-1.009159e-01	-1.941282e-02	-1.496814e-03
-1.065629e-01	-3.985711e-01	-1.096485e-01	1.823597e-01
1.943930e+00	3.218434e-01	1.613329e-01	-3.858569e-02
1.458640e+00	-4.631645e-01	-1.988045e-01	-1.123791e-01
3.545710e-01	8.479276e-02	5.575237e-02	-2.140258e-01
-2.472531e-01	-5.454472e-01	-1.146156e-01	1.835785e-01
-7.985250e-02	-2.898794e-02	-1.470315e-02	2.228783e-03
-1.928579e-01	1.068663e-02	6.590282e-03	2.382204e-02
-3.097150e-02	-1.105941e-02	-4.546191e-03	1.536590e-02
2.769821e-02	-1.047409e-02	-1.032015e-02	2.785215e-02
6.234203e+01	1.238308e-01	6.273227e-02	-2.703429e-02
4.586681e-01	-2.092949e-01	-9.490749e-02	-2.094988e-02
1.204395e-01	1.345252e-02	2.150583e-02	-8.548115e-02
-7.377166e-02	-2.531902e-01	-6.825240e-02	1.111662e-01
2.462678e+00	-6.917868e-01	-3.425211e-01	-1.044490e-02
-2.948053e+00	1.603478e-01	8.616985e-02	2.958034e-01
-8.860084e-01	-3.735735e-01	-1.448968e-01	3.675380e-01
1.282853e-01	-1.069273e-01	-7.538694e-02	1.598257e-01
-3.412095e-01	7.142667e-02	3.496616e-02	-2.387968e-02
-1.369900e-01	-3.074746e-01	-1.377532e-01	8.064485e-02
3.123386e-02	-2.810768e-02	1.278401e-02	-4.655753e-02
-1.203390e-02	-5.112913e-01	-1.626035e-01	3.366539e-01
-5.832488e-01	-6.797877e-01	-3.313089e-01	1.899487e-02
-5.090570e+00	5.833482e-01	2.515341e-01	6.388355e-01
-8.921321e-01	-3.283816e-01	-1.353802e-01	4.283702e-01
9.559141e-01	3.195581e-01	-1.682797e-01	4.680763e-01
7.807800e+00	3.429028e-01	1.733215e-01	-9.989800e-03
1.244999e+00	-1.701512e-01	-7.879474e-02	-9.969959e-02
4.047356e-01	1.542004e-01	6.967500e-02	-1.808602e-01
-3.220732e-02	-9.946158e-02	-2.591696e-02	4.133730e-02
6.639662e+00	-3.709891e-01	-1.813114e-01	-3.643906e-02
-1.564490e+00	-1.398200e-01	-5.715076e-02	1.790854e-01
-5.119371e-01	-2.598718e-01	-8.226117e-02	1.698042e-01
-2.602115e-02	-4.085873e-01	-1.368846e-01	2.456816e-01
1.092154e+00	2.205609e-01	1.083409e-01	-3.333718e-02
8.473002e-01	-4.095257e-01	-1.801463e-01	-4.349137e-02
2.263873e-01	4.179030e-02	3.991248e-02	-1.446845e-01
-1.693816e-01	-5.461828e-01	-1.325323e-01	2.442689e-01
-7.922097e-01	-3.220315e-01	-1.571331e-01	1.705338e-02
-2.642469e+00	2.127076e-01	9.236708e-02	3.455501e-01
-4.109098e-01	-1.387320e-01	-6.387266e-02	2.083051e-01
4.774865e-01	-5.880058e-03	-1.276857e-01	3.556809e-01
-1.246884e+01	1.594520e-01	7.773630e-02	1.487480e-02
5.602944e-01	5.429195e-02	2.368688e-02	-5.686385e-02
2.112718e-01	1.098405e-01	3.536905e-02	-6.606231e-02
4.007447e-02	1.494980e-01	4.096964e-02	-6.845384e-02
5.910858e+00	-4.901768e-01	-2.429515e-01	-3.685433e-02
-2.230332e+00	-1.115190e-01	-4.018292e-02	2.602432e-01
-6.672808e-01	-3.240833e-01	-1.112350e-01	2.319625e-01
3.988721e-02	-4.458484e-01	-1.644351e-01	3.213005e-01
1.118490e+00	1.084435e-01	5.299745e-02	-2.551294e-03
7.651825e-01	-3.867491e-02	-1.664264e-02	-1.004005e-01
1.498742e-01	5.593990e-02	1.997680e-02	-7.395750e-02
-1.112653e-01	4.009842e-02	4.024397e-02	-1.111198e-01
-1.784427e+00	-4.124773e-01	-2.061787e-01	3.145281e-02
-4.718828e+00	3.327970e-01	1.480732e-01	6.561168e-01
-4.538278e-01	-1.444270e-01	-7.947110e-02	2.299297e-01
1.033380e+00	-7.592838e-02	-3.049454e-01	8.043633e-01
0	0	0	0
0	0	0	0
0	0	0	0
0	0	0	0
0	0	0	0
0	0	0	0
0	0	0	0
0	0	0	0
0	0	0	0
0	0	0	0
0	0	0	0
0	0	0	0
0	0	0	0
0	0	0	0
0	0	0	0
0	0	0	0
0	0	0	0
0	0	0	0
0	0	0	0
0	0	0	0
0	0	0	0
0	0	0	0
0	0	0	0
0	0	0	0
0	0	0	0
0	0	0	0
0	0	0	0
0	0	0	0
0	0	0	0
0	0	0	0
0	0	0	0
0	0	0	0
0	0	0	0
0	0	0	0
0	0	0	0
0	0	0	0
0	0	0	0
0	0	0	0
0	0	0	0
0	0	0	0
0	0	0	0
0	0	0	0
0	0	0	0
0	0	0	0
0	0	0	0
0	0	0	0
0	0	0	0
0	0	0	0
0	0	0	0
0	0	0	0
0	0	0	0
0	0	0	0
0	0	0	0
0	0	0	0
0	0	0	0
0	0	0	0
0	0	0	0
0	0	0	0
0	0	0	0
0	0	0	0
0	0	0	0
0	0	0	0
0	0	0	0
0	0	0	0
0	0	0	0
0	0	0	0
0	0	0	0
0	0	0	0
0	0	0	0
0	0	0	0
0	0	0	0
0	0	0	0
0	0	0	0
0	0	0	0
0	0	0	0
0	0	0	0
0	0	0	0
0	0	0	0
0	0	0	0
0	0	0	0
0	0	0	0
0	0	0	0
0	0	0	0
0	0	0	0
0	0	0	0
0	0	0	0
0	0	0	0
0	0	0	0
0	0	0	0
0	0	0	0
0	0	0	0
0	0	0	0
0	0	0	0
0	0	0	0
0	0	0	0
0	0	0	0
0	0	0	0
0	0	0	0
0	0	0	0
0	0	0	0
0	0	0	0
0	0	0	0
0	0	0	0
0	0	0	0
0	0	0	0
0	0	0	0
0	0	0	0
0	0	0	0
0	0	0	0
0	0	0	0
0	0	0	0
0	0	0	0
0	0	0	0
0	0	0	0
0	0	0	0
0	0	0	0
0	0	0	0
0	0	0	0
0	0	0	0
0	0	0	0
0	0	0	0
0	0	0	0
0	0	0	0
0	0	0	0
0	0	0	0
0	0	0	0
0	0	0	0
0	0	0	0
0	0	0	0
0	0	0	0
0	0	0	0
0	0	0	0
0	0	0	0
0	0	0	0
0	0	0	0
0	0	0	0
0	0	0	0
0	0	0	0
0	0	0	0
0	0	0	0
0	0	0	0
0	0	0	0
0	0	0	0
0	0	0	0
0	0	0	0
0	0	0	0
0	0	0	0
0	0	0	0
0	0	0	0
0	0	0	0
0	0	0	0
0	0	0	0
0	0	0	0
0	0	0	0
0	0	0	0
0	0	0	0
0	0	0	0
0	0	0	0
0	0	0	0
0	0	0	0
0	0	0	0
0	0	0	0
0	0	0	0
0	0	0	0
0	0	0	0
0	0	0	0
0	0	0	0
0	0	0	0
0	0	0	0
0	0	0	0
0	0	0	0
0	0	0	0
0	0	0	0
0	0	0	0
0	0	0	0
0	0	0	0
0	0	0	0
0	0	0	0
0	0	0	0
0	0	0	0
0	0	0	0
0	0	0	0
0	0	0	0
0	0	0	0
0	0	0	0
0	0	0	0
0	0	0	0
0	0	0	0
0	0	0	0
0	0	0	0
0	0	0	0
0	0	0	0
0	0	0	0
0	0	0	0
0	0	0	0
0	0	0	0
0	0	0	0
0	0	0	0
0	0	0	0
0	0	0	0
0	0	0	0
0	0	0	0
0	0	0	0
0	0	0	0
0	0	0	0
0	0	0	0
0	0	0	0
0	0	0	0
0	0	0	0
0	0	0	0
0	0	0	0
0	0	0	0
0	0	0	0
0	0	0	0
0	0	0	0
0	0	0	0
0	0	0	0
0	0	0	0
0	0	0	0
0	0	0	0
0	0	0	0
0	0	0	0
0	0	0	0
0	0	0	0
0	0	0	0
0	0	0	0
0	0	0	0
0	0	0	0
0	0	0	0
0	0	0	0
0	0	0	0
0	0	0	0
0	0	0	0
0	0	0	0
0	0	0	0
0	0	0	0
0	0	0	0
0	0	0	0
0	0	0	0
0	0	0	0
0	0	0	0
0	0	0	0
0	0	0	0
0	0	0	0
0	0	0	0
0	0	0	0
0	0	0	0
0	0	0	0
0	0	0	0
0	0	0	0
0	0	0	0
0	0	0	0
0	0	0	0
0	0	0	0
0	0	0	0
0	0	0	0
