2048
2676
2896
2676
2048
1108
0
-1108
-2048
-2676
-2896
-2676
-2048
-1108
0
1108
2048
2676
2896
2676
2048
1108
0
-1108
-2048
-2676
-2896
-2676
-2048
-1108
0
1108
2048
2676
2896
2676
2048
1108
0
-1108
-2048
-2676
-2896
-2676
-2048
-1108
0
1108
2048
2676
2896
2676
2048
1108
0
-1108
-2048
-2676
-2896
-2676
-2048
-1108
0
1108
2048
2676
2896
2676
2048
1108
0
-1108
-2048
-2676
-2896
-2676
-2048
-1108
0
1108
2048
2676
2896
2676
2048
1108
0
-1108
-2048
-2676
-2896
-2676
-2048
-1108
0
1108
2048
2676
2896
2676
2048
1108
0
-1108
-2048
-2676
-2896
-2676
-2048
-1108
0
1108
2048
2676
2896
2676
2048
1108
0
-1108
-2048
-2676
-2896
-2676
-2048
-1108
0
1108
2048
2676
2896
2676
2048
1108
0
-1108
-2048
-2676
-2896
-2676
-2048
-1108
0
1108
2048
2676
2896
2676
2048
1108
0
-1108
-2048
-2676
-2896
-2676
-2048
-1108
0
1108
2048
2676
2896
2676
2048
1108
0
-1108
-2048
-2676
-2896
-2676
-2048
-1108
0
1108
2048
2676
2896
2676
2048
1108
0
-1108
-2048
-2676
-2896
-2676
-2048
-1108
0
1108
2048
2676
2896
2676
2048
1108
0
-1108
-2048
-2676
-2896
-2676
-2048
-1108
0
1108
2048
2676
2896
2676
2048
1108
0
-1108
-2048
-2676
-2896
-2676
-2048
-1108
0
1108
2048
2676