1024
1026
1027
1029
1030
1032
1033
1035
1036
1038
1040
1041
1043
1044
1046
1047
1049
1050
1052
1053
1055
1056
1058
1059
1061
1063
1064
1066
1067
1069
1070
1072
1073
1075
1076
1077
1079
1080
1082
1083
1085
1086
1088
1089
1091
1092
1094
1095
1097
1098
1099
1101
1102
1104
1105
1107
1108
1110
1111
1112
1114
1115
1117
1118
1119
1121
1122
1124
1125
1126
1128
1129
1131
1132
1133
1135
1136
1138
1139
1140
1142
1143
1144
1146
1147
1148
1150
1151
1152
1154
1155
1157
1158
1159
1161
1162
1163
1164
1166
1167
1168
1170
1171
1172
1174
1175
1176
1178
1179
1180
1181
1183
1184
1185
1187
1188
1189
1190
1192
1193
1194
1195
1197
1198
1199
1200
1202
1203
1204
1205
1207
1208
1209
1210
1211
1213
1214
1215
1216
1218
1219
1220
1221
1222
1223
1225
1226
1227
1228
1229
1231
1232
1233
1234
1235
1236
1238
1239
1240
1241
1242
1243
1244
1246
1247
1248
1249
1250
1251
1252
1253
1255
1256
1257
1258
1259
1260
1261
1262
1263
1264
1265
1267
1268
1269
1270
1271
1272
1273
1274
1275
1276
1277
1278
1279
1280
1281
1282
1283
1284
1285
1286
1287
1288
1290
1291
1292
1293
1294
1295
1296
1297
1297
1298
1299
1300
1301
1302
1303
1304
1305
1306
1307
1308
1309
1310
1311
1312
1313
1314
1315
1316
1317
1318
1318
1319
1320
1321
1322
1323
1324
1325
1326
1327
1327
1328
1329
1330
1331
1332
1333
1334
1334
1335
1336
1337
1338
1339
1340
1340
1341
1342
1343
1344
1345
1345
1346
1347
1348
1349
1350
1350
1351
1352
1353
1354
1354
1355
1356
1357
1357
1358
1359
1360
1360
1361
1362
1363
1364
1364
1365
1366
1366
1367
1368
1369
1369
1370
1371
1372
1372
1373
1374
1374
1375
1376
1376
1377
1378
1379
1379
1380
1381
1381
1382
1383
1383
1384
1385
1385
1386
1386
1387
1388
1388
1389
1390
1390
1391
1391
1392
1393
1393
1394
1395
1395
1396
1396
1397
1397
1398
1399
1399
1400
1400
1401
1401
1402
1403
1403
1404
1404
1405
1405
1406
1406
1407
1407
1408
1408
1409
1409
1410
1410
1411
1411
1412
1412
1413
1413
1414
1414
1415
1415
1416
1416
1417
1417
1418
1418
1419
1419
1419
1420
1420
1421
1421
1422
1422
1422
1423
1423
1424
1424
1424
1425
1425
1426
1426
1426
1427
1427
1428
1428
1428
1429
1429
1429
1430
1430
1430
1431
1431
1431
1432
1432
1432
1433
1433
1433
1434
1434
1434
1435
1435
1435
1436
1436
1436
1436
1437
1437
1437
1438
1438
1438
1438
1439
1439
1439
1439
1440
1440
1440
1440
1441
1441
1441
1441
1441
1442
1442
1442
1442
1442
1443
1443
1443
1443
1443
1444
1444
1444
1444
1444
1444
1445
1445
1445
1445
1445
1445
1445
1446
1446
1446
1446
1446
1446
1446
1446
1447
1447
1447
1447
1447
1447
1447
1447
1447
1447
1447
1447
1448
1448
1448
1448
1448
1448
1448
1448
1448
1448
1448
1448
1448
1448
1448
1448
1448
1448
1448
1448
1448
1448
1448
1448
1448
1448
1448
1448
1448
1448
1448
1448
1448
1448
1448
1448
1448
1448
1448
1447
1447
1447
1447
1447
1447
1447
1447
1447
1447
1447
1447
1446
1446
1446
1446
1446
1446
1446
1446
1445
1445
1445
1445
1445
1445
1445
1444
1444
1444
1444
1444
1444
1443
1443
1443
1443
1443
1442
1442
1442
1442
1442
1441
1441
1441
1441
1441
1440
1440
1440
1440
1439
1439
1439
1439
1438
1438
1438
1438
1437
1437
1437
1436
1436
1436
1436
1435
1435
1435
1434
1434
1434
1433
1433
1433
1432
1432
1432
1431
1431
1431
1430
1430
1430
1429
1429
1429
1428
1428
1428
1427
1427
1426
1426
1426
1425
1425
1424
1424
1424
1423
1423
1422
1422
1422
1421
1421
1420
1420
1419
1419
1419
1418
1418
1417
1417
1416
1416
1415
1415
1414
1414
1413
1413
1412
1412
1411
1411
1410
1410
1409
1409
1408
1408
1407
1407
1406
1406
1405
1405
1404
1404
1403
1403
1402
1401
1401
1400
1400
1399
1399
1398
1397
1397
1396
1396
1395
1395
1394
1393
1393
1392
1391
1391
1390
1390
1389
1388
1388
1387
1386
1386
1385
1385
1384
1383
1383
1382
1381
1381
1380
1379
1379
1378
1377
1376
1376
1375
1374
1374
1373
1372
1372
1371
1370
1369
1369
1368
1367
1366
1366
1365
1364
1364
1363
1362
1361
1360
1360
1359
1358
1357
1357
1356
1355
1354
1354
1353
1352
1351
1350
1350
1349
1348
1347
1346
1345
1345
1344
1343
1342
1341
1340
1340
1339
1338
1337
1336
1335
1334
1334
1333
1332
1331
1330
1329
1328
1327
1327
1326
1325
1324
1323
1322
1321
1320
1319
1318
1318
1317
1316
1315
1314
1313
1312
1311
1310
1309
1308
1307
1306
1305
1304
1303
1302
1301
1300
1299
1298
1297
1297
1296
1295
1294
1293
1292
1291
1290
1288
1287
1286
1285
1284
1283
1282
1281
1280
1279
1278
1277
1276
1275
1274
1273
1272
1271
1270
1269
1268
1267
1265
1264
1263
1262
1261
1260
1259
1258
1257
1256
1255
1253
1252
1251
1250
1249
1248
1247
1246
1244
1243
1242
1241
1240
1239
1238
1236
1235
1234
1233
1232
1231
1229
1228
1227
1226
1225
1223
1222
1221
1220
1219
1218
1216
1215
1214
1213
1211
1210
1209
1208
1207
1205
1204
1203
1202
1200
1199
1198
1197
1195
1194
1193
1192
1190
1189
1188
1187
1185
1184
1183
1181
1180
1179
1178
1176
1175
1174
1172
1171
1170
1168
1167
1166
1164
1163
1162
1161
1159
1158
1157
1155
1154
1152
1151
1150
1148
1147
1146
1144
1143
1142
1140
1139
1138
1136
1135
1133
1132
1131
1129
1128
1126
1125
1124
1122
1121
1119
1118
1117
1115
1114
1112
1111
1110
1108
1107
1105
1104
1102
1101
1099
1098
1097
1095
1094
1092
1091
1089
1088
1086
1085
1083
1082
1080
1079
1077
1076
1075
1073
1072
1070
1069
1067
1066
1064
1063
1061
1059
1058
1056
1055
1053
1052
1050
1049
1047
1046
1044
1043
1041
1040
1038
1036
1035
1033
1032
1030
1029
1027
1026
1024
1022
1021
1019
1018
1016
1015
1013
1011
1010
1008
1007
1005
1003
1002
1000
999
997
995
994
992
990
989
987
986
984
982
981
979
977
976
974
973
971
969
968
966
964
963
961
959
958
956
954
953
951
949
948
946
944
943
941
939
937
936
934
932
931
929
927
926
924
922
920
919
917
915
914
912
910
908
907
905
903
901
900
898
896
894
893
891
889
887
886
884
882
880
879
877
875
873
872
870
868
866
864
863
861
859
857
856
854
852
850
848
847
845
843
841
839
837
836
834
832
830
828
827
825
823
821
819
817
816
814
812
810
808
806
805
803
801
799
797
795
793
792
790
788
786
784
782
780
779
777
775
773
771
769
767
765
763
762
760
758
756
754
752
750
748
746
745
743
741
739
737
735
733
731
729
727
725
723
722
720
718
716
714
712
710
708
706
704
702
700
698
696
694
692
690
689
687
685
683
681
679
677
675
673
671
669
667
665
663
661
659
657
655
653
651
649
647
645
643
641
639
637
635
633
631
629
627
625
623
621
619
617
615
613
611
609
607
605
603
601
599
597
595
593
591
589
587
585
583
581
579
577
575
573
571
569
566
564
562
560
558
556
554
552
550
548
546
544
542
540
538
536
534
532
529
527
525
523
521
519
517
515
513
511
509
507
505
502
500
498
496
494
492
490
488
486
484
482
479
477
475
473
471
469
467
465
463
461
458
456
454
452
450
448
446
444
442
439
437
435
433
431
429
427
425
423
420
418
416
414
412
410
408
405
403
401
399
397
395
393
391
388
386
384
382
380
378
376
373
371
369
367
365
363
360
358
356
354
352
350
348
345
343
341
339
337
335
332
330
328
326
324
322
319
317
315
313
311
309
306
304
302
300
298
296
293
291
289
287
285
283
280
278
276
274
272
269
267
265
263
261
259
256
254
252
250
248
245
243
241
239
237
234
232
230
228
226
223
221
219
217
215
212
210
208
206
204
201
199
197
195
193
190
188
186
184
182
179
177
175
173
171
168
166
164
162
160
157
155
153
151
149
146
144
142
140
138
135
133
131
129
126
124
122
120
118
115
113
111
109
107
104
102
100
98
95
93
91
89
87
84
82
80
78
75
73
71
69
67
64
62
60
58
56
53
51
49
47
44
42
40
38
36
33
31
29
27
24
22
20
18
16
13
11
9
7
4
2
0
-2
-4
-7
-9
-11
-13
-16
-18
-20
-22
-24
-27
-29
-31
-33
-36
-38
-40
-42
-44
-47
-49
-51
-53
-56
-58
-60
-62
-64
-67
-69
-71
-73
-75
-78
-80
-82
-84
-87
-89
-91
-93
-95
-98
-100
-102
-104
-107
-109
-111
-113
-115
-118
-120
-122
-124
-126
-129
-131
-133
-135
-138
-140
-142
-144
-146
-149
-151
-153
-155
-157
-160
-162
-164
-166
-168
-171
-173
-175
-177
-179
-182
-184
-186
-188
-190
-193
-195
-197
-199
-201
-204
-206
-208
-210
-212
-215
-217
-219
-221
-223
-226
-228
-230
-232
-234
-237
-239
-241
-243
-245
-248
-250
-252
-254
-256
-259
-261
-263
-265
-267
-269
-272
-274
-276
-278
-280
-283
-285
-287
-289
-291
-293
-296
-298
-300
-302
-304
-306
-309
-311
-313
-315
-317
-319
-322
-324
-326
-328
-330
-332
-335
-337
-339
-341
-343
-345
-348
-350
-352
-354
-356
-358
-360
-363
-365
-367
-369
-371
-373
-376
-378
-380
-382
-384
-386
-388
-391
-393
-395
-397
-399
-401
-403
-405
-408
-410
-412
-414
-416
-418
-420
-423
-425
-427
-429
-431
-433
-435
-437
-439
-442
-444
-446
-448
-450
-452
-454
-456
-458
-461
-463
-465
-467
-469
-471
-473
-475
-477
-479
-482
-484
-486
-488
-490
-492
-494
-496
-498
-500
-502
-505
-507
-509
-511
-513
-515
-517
-519
-521
-523
-525
-527
-529
-532
-534
-536
-538
-540
-542
-544
-546
-548
-550
-552
-554
-556
-558
-560
-562
-564
-566
-569
-571
-573
-575
-577
-579
-581
-583
-585
-587
-589
-591
-593
-595
-597
-599
-601
-603
-605
-607
-609
-611
-613
-615
-617
-619
-621
-623
-625
-627
-629
-631
-633
-635
-637
-639
-641
-643
-645
-647
-649
-651
-653
-655
-657
-659
-661
-663
-665
-667
-669
-671
-673
-675
-677
-679
-681
-683
-685
-687
-689
-690
-692
-694
-696
-698
-700
-702
-704
-706
-708
-710
-712
-714
-716
-718
-720
-722
-723
-725
-727
-729
-731
-733
-735
-737
-739
-741
-743
-745
-746
-748
-750
-752
-754
-756
-758
-760
-762
-763
-765
-767
-769
-771
-773
-775
-777
-779
-780
-782
-784
-786
-788
-790
-792
-793
-795
-797
-799
-801
-803
-805
-806
-808
-810
-812
-814
-816
-817
-819
-821
-823
-825
-827
-828
-830
-832
-834
-836
-837
-839
-841
-843
-845
-847
-848
-850
-852
-854
-856
-857
-859
-861
-863
-864
-866
-868
-870
-872
-873
-875
-877
-879
-880
-882
-884
-886
-887
-889
-891
-893
-894
-896
-898
-900
-901
-903
-905
-907
-908
-910
-912
-914
-915
-917
-919
-920
-922
-924
-926
-927
-929
-931
-932
-934
-936
-937
-939
-941
-943
-944
-946
-948
-949
-951
-953
-954
-956
-958
-959
-961
-963
-964
-966
-968
-969
-971
-973
-974
-976
-977
-979
-981
-982
-984
-986
-987
-989
-990
-992
-994
-995
-997
-999
-1000
-1002
-1003
-1005
-1007
-1008
-1010
-1011
-1013
-1015
-1016
-1018
-1019
-1021
-1022
-1024
-1026
-1027
-1029
-1030
-1032
-1033
-1035
-1036
-1038
-1040
-1041
-1043
-1044
-1046
-1047
-1049
-1050
-1052
-1053
-1055
-1056
-1058
-1059
-1061
-1063
-1064
-1066
-1067
-1069
-1070
-1072
-1073
-1075
-1076
-1077
-1079
-1080
-1082
-1083
-1085
-1086
-1088
-1089
-1091
-1092
-1094
-1095
-1097
-1098
-1099
-1101
-1102
-1104
-1105
-1107
-1108
-1110
-1111
-1112
-1114
-1115
-1117
-1118
-1119
-1121
-1122
-1124
-1125
-1126
-1128
-1129
-1131
-1132
-1133
-1135
-1136
-1138
-1139
-1140
-1142
-1143
-1144
-1146
-1147
-1148
-1150
-1151
-1152
-1154
-1155
-1157
-1158
-1159
-1161
-1162
-1163
-1164
-1166
-1167
-1168
-1170
-1171
-1172
-1174
-1175
-1176
-1178
-1179
-1180
-1181
-1183
-1184
-1185
-1187
-1188
-1189
-1190
-1192
-1193
-1194
-1195
-1197
-1198
-1199
-1200
-1202
-1203
-1204
-1205
-1207
-1208
-1209
-1210
-1211
-1213
-1214
-1215
-1216
-1218
-1219
-1220
-1221
-1222
-1223
-1225
-1226
-1227
-1228
-1229
-1231
-1232
-1233
-1234
-1235
-1236
-1238
-1239
-1240
-1241
-1242
-1243
-1244
-1246
-1247
-1248
-1249
-1250
-1251
-1252
-1253
-1255
-1256
-1257
-1258
-1259
-1260
-1261
-1262
-1263
-1264
-1265
-1267
-1268
-1269
-1270
-1271
-1272
-1273
-1274
-1275
-1276
-1277
-1278
-1279
-1280
-1281
-1282
-1283
-1284
-1285
-1286
-1287
-1288
-1290
-1291
-1292
-1293
-1294
-1295
-1296
-1297
-1297
-1298
-1299
-1300
-1301
-1302
-1303
-1304
-1305
-1306
-1307
-1308
-1309
-1310
-1311
-1312
-1313
-1314
-1315
-1316
-1317
-1318
-1318
-1319
-1320
-1321
-1322
-1323
-1324
-1325
-1326
-1327
-1327
-1328
-1329
-1330
-1331
-1332
-1333
-1334
-1334
-1335
-1336
-1337
-1338
-1339
-1340
-1340
-1341
-1342
-1343
-1344
-1345
-1345
-1346
-1347
-1348
-1349
-1350
-1350
-1351
-1352
-1353
-1354
-1354
-1355
-1356
-1357
-1357
-1358
-1359
-1360
-1360
-1361
-1362
-1363
-1364
-1364
-1365
-1366
-1366
-1367
-1368
-1369
-1369
-1370
-1371
-1372
-1372
-1373
-1374
-1374
-1375
-1376
-1376
-1377
-1378
-1379
-1379
-1380
-1381
-1381
-1382
-1383
-1383
-1384
-1385
-1385
-1386
-1386
-1387
-1388
-1388
-1389
-1390
-1390
-1391
-1391
-1392
-1393
-1393
-1394
-1395
-1395
-1396
-1396
-1397
-1397
-1398
-1399
-1399
-1400
-1400
-1401
-1401
-1402
-1403
-1403
-1404
-1404
-1405
-1405
-1406
-1406
-1407
-1407
-1408
-1408
-1409
-1409
-1410
-1410
-1411
-1411
-1412
-1412
-1413
-1413
-1414
-1414
-1415
-1415
-1416
-1416
-1417
-1417
-1418
-1418
-1419
-1419
-1419
-1420
-1420
-1421
-1421
-1422
-1422
-1422
-1423
-1423
-1424
-1424
-1424
-1425
-1425
-1426
-1426
-1426
-1427
-1427
-1428
-1428
-1428
-1429
-1429
-1429
-1430
-1430
-1430
-1431
-1431
-1431
-1432
-1432
-1432
-1433
-1433
-1433
-1434
-1434
-1434
-1435
-1435
-1435
-1436
-1436
-1436
-1436
-1437
-1437
-1437
-1438
-1438
-1438
-1438
-1439
-1439
-1439
-1439
-1440
-1440
-1440
-1440
-1441
-1441
-1441
-1441
-1441
-1442
-1442
-1442
-1442
-1442
-1443
-1443
-1443
-1443
-1443
-1444
-1444
-1444
-1444
-1444
-1444
-1445
-1445
-1445
-1445
-1445
-1445
-1445
-1446
-1446
-1446
-1446
-1446
-1446
-1446
-1446
-1447
-1447
-1447
-1447
-1447
-1447
-1447
-1447
-1447
-1447
-1447
-1447
-1448
-1448
-1448
-1448
-1448
-1448
-1448
-1448
-1448
-1448
-1448
-1448
-1448
-1448
-1448
-1448
-1448
-1448
-1448
-1448
-1448
-1448
-1448
-1448
-1448
-1448
-1448
-1448
-1448
-1448
-1448
-1448
-1448
-1448
-1448
-1448
-1448
-1448
-1448
-1447
-1447
-1447
-1447
-1447
-1447
-1447
-1447
-1447
-1447
-1447
-1447
-1446
-1446
-1446
-1446
-1446
-1446
-1446
-1446
-1445
-1445
-1445
-1445
-1445
-1445
-1445
-1444
-1444
-1444
-1444
-1444
-1444
-1443
-1443
-1443
-1443
-1443
-1442
-1442
-1442
-1442
-1442
-1441
-1441
-1441
-1441
-1441
-1440
-1440
-1440
-1440
-1439
-1439
-1439
-1439
-1438
-1438
-1438
-1438
-1437
-1437
-1437
-1436
-1436
-1436
-1436
-1435
-1435
-1435
-1434
-1434
-1434
-1433
-1433
-1433
-1432
-1432
-1432
-1431
-1431
-1431
-1430
-1430
-1430
-1429
-1429
-1429
-1428
-1428
-1428
-1427
-1427
-1426
-1426
-1426
-1425
-1425
-1424
-1424
-1424
-1423
-1423
-1422
-1422
-1422
-1421
-1421
-1420
-1420
-1419
-1419
-1419
-1418
-1418
-1417
-1417
-1416
-1416
-1415
-1415
-1414
-1414
-1413
-1413
-1412
-1412
-1411
-1411
-1410
-1410
-1409
-1409
-1408
-1408
-1407
-1407
-1406
-1406
-1405
-1405
-1404
-1404
-1403
-1403
-1402
-1401
-1401
-1400
-1400
-1399
-1399
-1398
-1397
-1397
-1396
-1396
-1395
-1395
-1394
-1393
-1393
-1392
-1391
-1391
-1390
-1390
-1389
-1388
-1388
-1387
-1386
-1386
-1385
-1385
-1384
-1383
-1383
-1382
-1381
-1381
-1380
-1379
-1379
-1378
-1377
-1376
-1376
-1375
-1374
-1374
-1373
-1372
-1372
-1371
-1370
-1369
-1369
-1368
-1367
-1366
-1366
-1365
-1364
-1364
-1363
-1362
-1361
-1360
-1360
-1359
-1358
-1357
-1357
-1356
-1355
-1354
-1354
-1353
-1352
-1351
-1350
-1350
-1349
-1348
-1347
-1346
-1345
-1345
-1344
-1343
-1342
-1341
-1340
-1340
-1339
-1338
-1337
-1336
-1335
-1334
-1334
-1333
-1332
-1331
-1330
-1329
-1328
-1327
-1327
-1326
-1325
-1324
-1323
-1322
-1321
-1320
-1319
-1318
-1318
-1317
-1316
-1315
-1314
-1313
-1312
-1311
-1310
-1309
-1308
-1307
-1306
-1305
-1304
-1303
-1302
-1301
-1300
-1299
-1298
-1297
-1297
-1296
-1295
-1294
-1293
-1292
-1291
-1290
-1288
-1287
-1286
-1285
-1284
-1283
-1282
-1281
-1280
-1279
-1278
-1277
-1276
-1275
-1274
-1273
-1272
-1271
-1270
-1269
-1268
-1267
-1265
-1264
-1263
-1262
-1261
-1260
-1259
-1258
-1257
-1256
-1255
-1253
-1252
-1251
-1250
-1249
-1248
-1247
-1246
-1244
-1243
-1242
-1241
-1240
-1239
-1238
-1236
-1235
-1234
-1233
-1232
-1231
-1229
-1228
-1227
-1226
-1225
-1223
-1222
-1221
-1220
-1219
-1218
-1216
-1215
-1214
-1213
-1211
-1210
-1209
-1208
-1207
-1205
-1204
-1203
-1202
-1200
-1199
-1198
-1197
-1195
-1194
-1193
-1192
-1190
-1189
-1188
-1187
-1185
-1184
-1183
-1181
-1180
-1179
-1178
-1176
-1175
-1174
-1172
-1171
-1170
-1168
-1167
-1166
-1164
-1163
-1162
-1161
-1159
-1158
-1157
-1155
-1154
-1152
-1151
-1150
-1148
-1147
-1146
-1144
-1143
-1142
-1140
-1139
-1138
-1136
-1135
-1133
-1132
-1131
-1129
-1128
-1126
-1125
-1124
-1122
-1121
-1119
-1118
-1117
-1115
-1114
-1112
-1111
-1110
-1108
-1107
-1105
-1104
-1102
-1101
-1099
-1098
-1097
-1095
-1094
-1092
-1091
-1089
-1088
-1086
-1085
-1083
-1082
-1080
-1079
-1077
-1076
-1075
-1073
-1072
-1070
-1069
-1067
-1066
-1064
-1063
-1061
-1059
-1058
-1056
-1055
-1053
-1052
-1050
-1049
-1047
-1046
-1044
-1043
-1041
-1040
-1038
-1036
-1035
-1033
-1032
-1030
-1029
-1027
-1026
-1024
-1022
-1021
-1019
-1018
-1016
-1015
-1013
-1011
-1010
-1008
-1007
-1005
-1003
-1002
-1000
-999
-997
-995
-994
-992
-990
-989
-987
-986
-984
-982
-981
-979
-977
-976
-974
-973
-971
-969
-968
-966
-964
-963
-961
-959
-958
-956
-954
-953
-951
-949
-948
-946
-944
-943
-941
-939
-937
-936
-934
-932
-931
-929
-927
-926
-924
-922
-920
-919
-917
-915
-914
-912
-910
-908
-907
-905
-903
-901
-900
-898
-896
-894
-893
-891
-889
-887
-886
-884
-882
-880
-879
-877
-875
-873
-872
-870
-868
-866
-864
-863
-861
-859
-857
-856
-854
-852
-850
-848
-847
-845
-843
-841
-839
-837
-836
-834
-832
-830
-828
-827
-825
-823
-821
-819
-817
-816
-814
-812
-810
-808
-806
-805
-803
-801
-799
-797
-795
-793
-792
-790
-788
-786
-784
-782
-780
-779
-777
-775
-773
-771
-769
-767
-765
-763
-762
-760
-758
-756
-754
-752
-750
-748
-746
-745
-743
-741
-739
-737
-735
-733
-731
-729
-727
-725
-723
-722
-720
-718
-716
-714
-712
-710
-708
-706
-704
-702
-700
-698
-696
-694
-692
-690
-689
-687
-685
-683
-681
-679
-677
-675
-673
-671
-669
-667
-665
-663
-661
-659
-657
-655
-653
-651
-649
-647
-645
-643
-641
-639
-637
-635
-633
-631
-629
-627
-625
-623
-621
-619
-617
-615
-613
-611
-609
-607
-605
-603
-601
-599
-597
-595
-593
-591
-589
-587
-585
-583
-581
-579
-577
-575
-573
-571
-569
-566
-564
-562
-560
-558
-556
-554
-552
-550
-548
-546
-544
-542
-540
-538
-536
-534
-532
-529
-527
-525
-523
-521
-519
-517
-515
-513
-511
-509
-507
-505
-502
-500
-498
-496
-494
-492
-490
-488
-486
-484
-482
-479
-477
-475
-473
-471
-469
-467
-465
-463
-461
-458
-456
-454
-452
-450
-448
-446
-444
-442
-439
-437
-435
-433
-431
-429
-427
-425
-423
-420
-418
-416
-414
-412
-410
-408
-405
-403
-401
-399
-397
-395
-393
-391
-388
-386
-384
-382
-380
-378
-376
-373
-371
-369
-367
-365
-363
-360
-358
-356
-354
-352
-350
-348
-345
-343
-341
-339
-337
-335
-332
-330
-328
-326
-324
-322
-319
-317
-315
-313
-311
-309
-306
-304
-302
-300
-298
-296
-293
-291
-289
-287
-285
-283
-280
-278
-276
-274
-272
-269
-267
-265
-263
-261
-259
-256
-254
-252
-250
-248
-245
-243
-241
-239
-237
-234
-232
-230
-228
-226
-223
-221
-219
-217
-215
-212
-210
-208
-206
-204
-201
-199
-197
-195
-193
-190
-188
-186
-184
-182
-179
-177
-175
-173
-171
-168
-166
-164
-162
-160
-157
-155
-153
-151
-149
-146
-144
-142
-140
-138
-135
-133
-131
-129
-126
-124
-122
-120
-118
-115
-113
-111
-109
-107
-104
-102
-100
-98
-95
-93
-91
-89
-87
-84
-82
-80
-78
-75
-73
-71
-69
-67
-64
-62
-60
-58
-56
-53
-51
-49
-47
-44
-42
-40
-38
-36
-33
-31
-29
-27
-24
-22
-20
-18
-16
-13
-11
-9
-7
-4
-2
0
2
4
7
9
11
13
16
18
20
22
24
27
29
31
33
36
38
40
42
44
47
49
51
53
56
58
60
62
64
67
69
71
73
75
78
80
82
84
87
89
91
93
95
98
100
102
104
107
109
111
113
115
118
120
122
124
126
129
131
133
135
138
140
142
144
146
149
151
153
155
157
160
162
164
166
168
171
173
175
177
179
182
184
186
188
190
193
195
197
199
201
204
206
208
210
212
215
217
219
221
223
226
228
230
232
234
237
239
241
243
245
248
250
252
254
256
259
261
263
265
267
269
272
274
276
278
280
283
285
287
289
291
293
296
298
300
302
304
306
309
311
313
315
317
319
322
324
326
328
330
332
335
337
339
341
343
345
348
350
352
354
356
358
360
363
365
367
369
371
373
376
378
380
382
384
386
388
391
393
395
397
399
401
403
405
408
410
412
414
416
418
420
423
425
427
429
431
433
435
437
439
442
444
446
448
450
452
454
456
458
461
463
465
467
469
471
473
475
477
479
482
484
486
488
490
492
494
496
498
500
502
505
507
509
511
513
515
517
519
521
523
525
527
529
532
534
536
538
540
542
544
546
548
550
552
554
556
558
560
562
564
566
569
571
573
575
577
579
581
583
585
587
589
591
593
595
597
599
601
603
605
607
609
611
613
615
617
619
621
623
625
627
629
631
633
635
637
639
641
643
645
647
649
651
653
655
657
659
661
663
665
667
669
671
673
675
677
679
681
683
685
687
689
690
692
694
696
698
700
702
704
706
708
710
712
714
716
718
720
722
723
725
727
729
731
733
735
737
739
741
743
745
746
748
750
752
754
756
758
760
762
763
765
767
769
771
773
775
777
779
780
782
784
786
788
790
792
793
795
797
799
801
803
805
806
808
810
812
814
816
817
819
821
823
825
827
828
830
832
834
836
837
839
841
843
845
847
848
850
852
854
856
857
859
861
863
864
866
868
870
872
873
875
877
879
880
882
884
886
887
889
891
893
894
896
898
900
901
903
905
907
908
910
912
914
915
917
919
920
922
924
926
927
929
931
932
934
936
937
939
941
943
944
946
948
949
951
953
954
956
958
959
961
963
964
966
968
969
971
973
974
976
977
979
981
982
984
986
987
989
990
992
994
995
997
999
1000
1002
1003
1005
1007
1008
1010
1011
1013
1015
1016
1018
1019
1021
1022