1024
1026
1027
1029
1030
1032
1033
1035
1036
1038
1040
1041
1043
1044
1046
1047
1049
1050
1052
1053
1055
1056
1058
1059
1061
1063
1064
1066
1067
1069
1070
1072
1073
1075
1076
1077
1079
1080
1082
1083
1085
1086
1088
1089
1091
1092
1094
1095
1097
1098
1099
1101
1102
1104
1105
1107
1108
1110
1111
1112
1114
1115
1117
1118
1119
1121
1122
1124
1125
1126
1128
1129
1131
1132
1133
1135
1136
1138
1139
1140
1142
1143
1144
1146
1147
1148
1150
1151
1152
1154
1155
1157
1158
1159
1161
1162
1163
1164
1166
1167
1168
1170
1171
1172
1174
1175
1176
1178
1179
1180
1181
1183
1184
1185
1187
1188
1189
1190
1192
1193
1194
1195
1197
1198
1199
1200
1202
1203
1204
1205
1207
1208
1209
1210
1211
1213
1214
1215
1216
1218
1219
1220
1221
1222
1223
1225
1226
1227
1228
1229
1231
1232
1233
1234
1235
1236
1238
1239
1240
1241
1242
1243
1244
1246
1247
1248
1249
1250
1251
1252
1253
1255
1256
1257
1258
1259
1260
1261
1262
1263
1264
1265
1267
1268
1269
1270
1271
1272
1273
1274
1275
1276
1277
1278
1279
1280
1281
1282
1283
1284
1285
1286
1287
1288
1290
1291
1292
1293
1294
1295
1296
1297
1297
1298
1299
1300
1301
1302
1303
1304
1305
1306
1307
1308
1309
1310
1311
1312
1313
1314
1315
1316
1317
1318
1318
1319
1320
1321
1322
1323
1324
1325
1326
1327
1327
1328
1329
1330
1331
1332
1333
1334
1334
1335
1336
1337
1338
1339
1340
1340
1341
1342
1343
1344
1345
1345
1346
1347
1348
1349
1350
1350
1351
1352
1353
1354
1354
1355
1356
1357
1357
1358
1359
1360
1360
1361
1362
1363
1364
1364
1365
1366
1366
1367
1368
1369
1369
1370
1371
1372
1372
1373
1374
1374
1375
1376
1376
1377
1378
1379
1379
1380
1381
1381
1382
1383
1383
1384
1385
1385
1386
1386
1387
1388
1388
1389
1390
1390
1391
1391
1392
1393
1393
1394
1395
1395
1396
1396
1397
1397
1398
1399
1399
1400
1400
1401
1401
1402
1403
1403
1404
1404
1405
1405
1406
1406
1407
1407
1408
1408
1409
1409
1410
1410
1411
1411
1412
1412
1413
1413
1414
1414
1415
1415
1416
1416
1417
1417
1418
1418
1419
1419
1419
1420
1420
1421
1421
1422
1422
1422
1423
1423
1424
1424
1424
1425
1425
1426
1426
1426
1427
1427
1428
1428
1428
1429
1429
1429
1430
1430
1430
1431
1431
1431
1432
1432
1432
1433
1433
1433
1434
1434
1434
1435
1435
1435
1436
1436
1436
1436
1437
1437
1437
1438
1438
1438
1438
1439
1439
1439
1439
1440
1440
1440
1440
1441
1441
1441
1441
1441
1442
1442
1442
1442
1442
1443
1443
1443
1443
1443
1444
1444
1444
1444
1444
1444
1445
1445
1445
1445
1445
1445
1445
1446
1446
1446
1446
1446
1446
1446
1446
1447
1447
1447
1447
1447
1447
1447
1447
1447
1447
1447
1447
1448
1448
1448
1448
1448
1448
1448
1448
1448
1448
1448
1448
1448
1448
1448
1448
1448
1448
1448
1448
1448
1448
1448
1448
1448
1448
1448
1448
1448
1448
1448
1448
1448
1448
1448
1448
1448
1448
1448
1447
1447
1447
1447
1447
1447
1447
1447
1447
1447
1447
1447
1446
1446
1446
1446
1446
1446
1446
1446
1445
1445
1445
1445
1445
1445
1445
1444
1444
1444
1444
1444
1444
1443
1443
1443
1443
1443
1442
1442
1442
1442
1442
1441
1441
1441
1441
1441
1440
1440
1440
1440
1439
1439
1439
1439
1438
1438
1438
1438
1437
1437
1437
1436
1436
1436
1436
1435
1435
1435
1434
1434
1434
1433
1433
1433
1432
1432
1432
1431
1431
1431
1430
1430
1430
1429
1429
1429
1428
1428
1428
1427
1427
1426
1426
1426
1425
1425
1424
1424
1424
1423
1423
1422
1422
1422
1421
1421
1420
1420
1419
1419
1419
1418
1418
1417
1417
1416
1416
1415
1415
1414
1414
1413
1413
1412
1412
1411
1411
1410
1410
1409
1409
1408
1408
1407
1407
1406
1406
1405
1405
1404
1404
1403
1403
1402
1401
1401
1400
1400
1399
1399
1398
1397
1397
1396
1396
1395
1395
1394
1393
1393
1392
1391
1391
1390
1390
1389
1388
1388
1387
1386
1386
1385
1385
1384
1383
1383
1382
1381
1381
1380
1379
1379
1378
1377
1376
1376
1375
1374
1374
1373
1372
1372
1371
1370
1369
1369
1368
1367
1366
1366
1365
1364
1364
1363
1362
1361
1360
1360
1359
1358
1357
1357
1356
1355
1354
1354
1353
1352
1351
1350
1350
1349
1348
1347
1346
1345
1345
1344
1343
1342
1341
1340
1340
1339
1338
1337
1336
1335
1334
1334
1333
1332
1331
1330
1329
1328
1327
1327
1326
1325
1324
1323
1322
1321
1320
1319
1318
1318
1317
1316
1315
1314
1313
1312
1311
1310
1309
1308
1307
1306
1305
1304
1303
1302
1301
1300
1299
1298
1297
1297
1296
1295
1294
1293
1292
1291
1290
1288
1287
1286
1285
1284
1283
1282
1281
1280
1279
1278
1277
1276
1275
1274
1273
1272
1271
1270
1269
1268
1267
1265
1264
1263
1262
1261
1260
1259
1258
1257
1256
1255
1253
1252
1251
1250
1249
1248
1247
1246
1244
1243
1242
1241
1240
1239
1238
1236
1235
1234
1233
1232
1231
1229
1228
1227
1226
1225
1223
1222
1221
1220
1219
1218
1216
1215
1214
1213
1211
1210
1209
1208
1207
1205
1204
1203
1202
1200
1199
1198
1197
1195
1194
1193
1192
1190
1189
1188
1187
1185
1184
1183
1181
1180
1179
1178
1176
1175
1174
1172
1171
1170
1168
1167
1166
1164
1163
1162
1161
1159
1158
1157
1155
1154
1152
1151
1150
1148
1147
1146
1144
1143
1142
1140
1139
1138
1136
1135
1133
1132
1131
1129
1128
1126
1125
1124
1122
1121
1119
1118
1117
1115
1114
1112
1111
1110
1108
1107
1105
1104
1102
1101
1099
1098
1097
1095
1094
1092
1091
1089
1088
1086
1085
1083
1082
1080
1079
1077
1076
1075
1073
1072
1070
1069
1067
1066
1064
1063
1061
1059
1058
1056
1055
1053
1052
1050
1049
1047
1046
1044
1043
1041
1040
1038
1036
1035
1033
1032
1030
1029
1027
1026
