1024
1027
1030
1033
1036
1040
1043
1046
1049
1052
1055
1058
1061
1064
1067
1070
1073
1076
1079
1082
1085
1088
1091
1094
1097
1099
1102
1105
1108
1111
1114
1117
1119
1122
1125
1128
1131
1133
1136
1139
1142
1144
1147
1150
1152
1155
1158
1161
1163
1166
1168
1171
1174
1176
1179
1181
1184
1187
1189
1192
1194
1197
1199
1202
1204
1207
1209
1211
1214
1216
1219
1221
1223
1226
1228
1231
1233
1235
1238
1240
1242
1244
1247
1249
1251
1253
1256
1258
1260
1262
1264
1267
1269
1271
1273
1275
1277
1279
1281
1283
1285
1287
1290
1292
1294
1296
1297
1299
1301
1303
1305
1307
1309
1311
1313
1315
1317
1318
1320
1322
1324
1326
1327
1329
1331
1333
1334
1336
1338
1340
1341
1343
1345
1346
1348
1350
1351
1353
1354
1356
1357
1359
1360
1362
1364
1365
1366
1368
1369
1371
1372
1374
1375
1376
1378
1379
1381
1382
1383
1385
1386
1387
1388
1390
1391
1392
1393
1395
1396
1397
1398
1399
1400
1401
1403
1404
1405
1406
1407
1408
1409
1410
1411
1412
1413
1414
1415
1416
1417
1418
1419
1419
1420
1421
1422
1423
1424
1424
1425
1426
1427
1428
1428
1429
1430
1430
1431
1432
1432
1433
1434
1434
1435
1436
1436
1437
1437
1438
1438
1439
1439
1440
1440
1441
1441
1442
1442
1442
1443
1443
1444
1444
1444
1445
1445
1445
1445
1446
1446
1446
1446
1447
1447
1447
1447
1447
1447
1448
1448
1448
1448
1448
1448
1448
1448
1448
1448
1448
1448
1448
1448
1448
1448
1448
1448
1448
1447
1447
1447
1447
1447
1447
1446
1446
1446
1446
1445
1445
1445
1445
1444
1444
1444
1443
1443
1442
1442
1442
1441
1441
1440
1440
1439
1439
1438
1438
1437
1437
1436
1436
1435
1434
1434
1433
1432
1432
1431
1430
1430
1429
1428
1428
1427
1426
1425
1424
1424
1423
1422
1421
1420
1419
1419
1418
1417
1416
1415
1414
1413
1412
1411
1410
1409
1408
1407
1406
1405
1404
1403
1401
1400
1399
1398
1397
1396
1395
1393
1392
1391
1390
1388
1387
1386
1385
1383
1382
1381
1379
1378
1376
1375
1374
1372
1371
1369
1368
1366
1365
1364
1362
1360
1359
1357
1356
1354
1353
1351
1350
1348
1346
1345
1343
1341
1340
1338
1336
1334
1333
1331
1329
1327
1326
1324
1322
1320
1318
1317
1315
1313
1311
1309
1307
1305
1303
1301
1299
1297
1296
1294
1292
1290
1287
1285
1283
1281
1279
1277
1275
1273
1271
1269
1267
1264
1262
1260
1258
1256
1253
1251
1249
1247
1244
1242
1240
1238
1235
1233
1231
1228
1226
1223
1221
1219
1216
1214
1211
1209
1207
1204
1202
1199
1197
1194
1192
1189
1187
1184
1181
1179
1176
1174
1171
1168
1166
1163
1161
1158
1155
1152
1150
1147
1144
1142
1139
1136
1133
1131
1128
1125
1122
1119
1117
1114
1111
1108
1105
1102
1099
1097
1094
1091
1088
1085
1082
1079
1076
1073
1070
1067
1064
1061
1058
1055
1052
1049
1046
1043
1040
1036
1033
1030
1027
1024
1021
1018
1015
1011
1008
1005
1002
999
995
992
989
986
982
979
976
973
969
966
963
959
956
953
949
946
943
939
936
932
929
926
922
919
915
912
908
905
901
898
894
891
887
884
880
877
873
870
866
863
859
856
852
848
845
841
837
834
830
827
823
819
816
812
808
805
801
797
793
790
786
782
779
775
771
767
763
760
756
752
748
745
741
737
733
729
725
722
718
714
710
706
702
698
694
690
687
683
679
675
671
667
663
659
655
651
647
643
639
635
631
627
623
619
615
611
607
603
599
595
591
587
583
579
575
571
566
562
558
554
550
546
542
538
534
529
525
521
517
513
509
505
500
496
492
488
484
479
475
471
467
463
458
454
450
446
442
437
433
429
425
420
416
412
408
403
399
395
391
386
382
378
373
369
365
360
356
352
348
343
339
335
330
326
322
317
313
309
304
300
296
291
287
283
278
274
269
265
261
256
252
248
243
239
234
230
226
221
217
212
208
204
199
195
190
186
182
177
173
168
164
160
155
151
146
142
138
133
129
124
120
115
111
107
102
98
93
89
84
80
75
71
67
62
58
53
49
44
40
36
31
27
22
18
13
9
4
0
-4
-9
-13
-18
-22
-27
-31
-36
-40
-44
-49
-53
-58
-62
-67
-71
-75
-80
-84
-89
-93
-98
-102
-107
-111
-115
-120
-124
-129
-133
-138
-142
-146
-151
-155
-160
-164
-168
-173
-177
-182
-186
-190
-195
-199
-204
-208
-212
-217
-221
-226
-230
-234
-239
-243
-248
-252
-256
-261
-265
-269
-274
-278
-283
-287
-291
-296
-300
-304
-309
-313
-317
-322
-326
-330
-335
-339
-343
-348
-352
-356
-360
-365
-369
-373
-378
-382
-386
-391
-395
-399
-403
-408
-412
-416
-420
-425
-429
-433
-437
-442
-446
-450
-454
-458
-463
-467
-471
-475
-479
-484
-488
-492
-496
-500
-505
-509
-513
-517
-521
-525
-529
-534
-538
-542
-546
-550
-554
-558
-562
-566
-571
-575
-579
-583
-587
-591
-595
-599
-603
-607
-611
-615
-619
-623
-627
-631
-635
-639
-643
-647
-651
-655
-659
-663
-667
-671
-675
-679
-683
-687
-690
-694
-698
-702
-706
-710
-714
-718
-722
-725
-729
-733
-737
-741
-745
-748
-752
-756
-760
-763
-767
-771
-775
-779
-782
-786
-790
-793
-797
-801
-805
-808
-812
-816
-819
-823
-827
-830
-834
-837
-841
-845
-848
-852
-856
-859
-863
-866
-870
-873
-877
-880
-884
-887
-891
-894
-898
-901
-905
-908
-912
-915
-919
-922
-926
-929
-932
-936
-939
-943
-946
-949
-953
-956
-959
-963
-966
-969
-973
-976
-979
-982
-986
-989
-992
-995
-999
-1002
-1005
-1008
-1011
-1015
-1018
-1021
