1024
1029
1033
1038
1043
1047
1052
1056
1061
1066
1070
1075
1079
1083
1088
1092
1097
1101
1105
1110
1114
1118
1122
1126
1131
1135
1139
1143
1147
1151
1155
1159
1163
1167
1171
1175
1179
1183
1187
1190
1194
1198
1202
1205
1209
1213
1216
1220
1223
1227
1231
1234
1238
1241
1244
1248
1251
1255
1258
1261
1264
1268
1271
1274
1277
1280
1283
1286
1290
1293
1296
1298
1301
1304
1307
1310
1313
1316
1318
1321
1324
1327
1329
1332
1334
1337
1340
1342
1345
1347
1350
1352
1354
1357
1359
1361
1364
1366
1368
1370
1372
1374
1376
1379
1381
1383
1385
1386
1388
1390
1392
1394
1396
1397
1399
1401
1403
1404
1406
1407
1409
1410
1412
1413
1415
1416
1418
1419
1420
1422
1423
1424
1425
1426
1428
1429
1430
1431
1432
1433
1434
1435
1436
1436
1437
1438
1439
1440
1440
1441
1442
1442
1443
1443
1444
1444
1445
1445
1446
1446
1446
1447
1447
1447
1447
1448
1448
1448
1448
1448
1448
1448
1448
1448
1448
1448
1448
1448
1447
1447
1447
1447
1446
1446
1445
1445
1445
1444
1444
1443
1442
1442
1441
1441
1440
1439
1438
1438
1437
1436
1435
1434
1433
1432
1431
1430
1429
1428
1427
1426
1424
1423
1422
1421
1419
1418
1417
1415
1414
1412
1411
1409
1408
1406
1405
1403
1401
1400
1398
1396
1395
1393
1391
1389
1387
1385
1383
1381
1379
1377
1375
1373
1371
1369
1366
1364
1362
1360
1357
1355
1353
1350
1348
1345
1343
1340
1338
1335
1333
1330
1327
1325
1322
1319
1317
1314
1311
1308
1305
1302
1299
1297
1294
1291
1287
1284
1281
1278
1275
1272
1269
1265
1262
1259
1256
1252
1249
1246
1242
1239
1235
1232
1228
1225
1221
1218
1214
1210
1207
1203
1199
1195
1192
1188
1184
1180
1176
1172
1168
1164
1161
1157
1152
1148
1144
1140
1136
1132
1128
1124
1119
1115
1111
1107
1102
1098
1094
1089
1085
1080
1076
1072
1067
1063
1058
1053
1049
1044
1040
1035
1030
1026
1021
1016
1011
1007
1002
997
992
987
982
977
973
968
963
958
953
948
943
937
932
927
922
917
912
907
901
896
891
886
880
875
870
864
859
854
848
843
837
832
827
821
816
810
805
799
793
788
782
777
771
765
760
754
748
743
737
731
725
720
714
708
702
696
690
685
679
673
667
661
655
649
643
637
631
625
619
613
607
601
595
589
583
577
571
564
558
552
546
540
534
527
521
515
509
502
496
490
484
477
471
465
458
452
446
439
433
427
420
414
408
401
395
388
382
376
369
363
356
350
343
337
330
324
317
311
304
298
291
285
278
272
265
259
252
245
239
232
226
219
212
206
199
193
186
179
173
166
160
153
146
140
133
126
120
113
107
100
93
87
80
73
67
60
53
47
40
33
27
20
13
7
0
-7
-13
-20
-27
-33
-40
-47
-53
-60
-67
-73
-80
-87
-93
-100
-107
-113
-120
-126
-133
-140
-146
-153
-160
-166
-173
-179
-186
-193
-199
-206
-212
-219
-226
-232
-239
-245
-252
-259
-265
-272
-278
-285
-291
-298
-304
-311
-317
-324
-330
-337
-343
-350
-356
-363
-369
-376
-382
-388
-395
-401
-408
-414
-420
-427
-433
-439
-446
-452
-458
-465
-471
-477
-484
-490
-496
-502
-509
-515
-521
-527
-534
-540
-546
-552
-558
-564
-571
-577
-583
-589
-595
-601
-607
-613
-619
-625
-631
-637
-643
-649
-655
-661
-667
-673
-679
-685
-690
-696
-702
-708
-714
-720
-725
-731
-737
-743
-748
-754
-760
-765
-771
-777
-782
-788
-793
-799
-805
-810
-816
-821
-827
-832
-837
-843
-848
-854
-859
-864
-870
-875
-880
-886
-891
-896
-901
-907
-912
-917
-922
-927
-932
-937
-943
-948
-953
-958
-963
-968
-973
-977
-982
-987
-992
-997
-1002
-1007
-1011
-1016
-1021
-1026
-1030
-1035
-1040
-1044
-1049
-1053
-1058
-1063
-1067
-1072
-1076
-1080
-1085
-1089
-1094
-1098
-1102
-1107
-1111
-1115
-1119
-1124
-1128
-1132
-1136
-1140
-1144
-1148
-1152
-1157
-1161
-1164
-1168
-1172
-1176
-1180
-1184
-1188
-1192
-1195
-1199
-1203
-1207
-1210
-1214
-1218
-1221
-1225
-1228
-1232
-1235
-1239
-1242
-1246
-1249
-1252
-1256
-1259
-1262
-1265
-1269
-1272
-1275
-1278
-1281
-1284
-1287
-1291
-1294
-1297
-1299
-1302
-1305
-1308
-1311
-1314
-1317
-1319
-1322
-1325
-1327
-1330
-1333
-1335
-1338
-1340
-1343
-1345
-1348
-1350
-1353
-1355
-1357
-1360
-1362
-1364
-1366
-1369
-1371
-1373
-1375
-1377
-1379
-1381
-1383
-1385
-1387
-1389
-1391
-1393
-1395
-1396
-1398
-1400
-1401
-1403
-1405
-1406
-1408
-1409
-1411
-1412
-1414
-1415
-1417
-1418
-1419
-1421
-1422
-1423
-1424
-1426
-1427
-1428
-1429
-1430
-1431
-1432
-1433
-1434
-1435
-1436
-1437
-1438
-1438
-1439
-1440
-1441
-1441
-1442
-1442
-1443
-1444
-1444
-1445
-1445
-1445
-1446
-1446
-1447
-1447
-1447
-1447
-1448
-1448
-1448
-1448
-1448
-1448
-1448
-1448
-1448
-1448
-1448
-1448
-1448
-1447
-1447
-1447
-1447
-1446
-1446
-1446
-1445
-1445
-1444
-1444
-1443
-1443
-1442
-1442
-1441
-1440
-1440
-1439
-1438
-1437
-1436
-1436
-1435
-1434
-1433
-1432
-1431
-1430
-1429
-1428
-1426
-1425
-1424
-1423
-1422
-1420
-1419
-1418
-1416
-1415
-1413
-1412
-1410
-1409
-1407
-1406
-1404
-1403
-1401
-1399
-1397
-1396
-1394
-1392
-1390
-1388
-1386
-1385
-1383
-1381
-1379
-1376
-1374
-1372
-1370
-1368
-1366
-1364
-1361
-1359
-1357
-1354
-1352
-1350
-1347
-1345
-1342
-1340
-1337
-1334
-1332
-1329
-1327
-1324
-1321
-1318
-1316
-1313
-1310
-1307
-1304
-1301
-1298
-1296
-1293
-1290
-1286
-1283
-1280
-1277
-1274
-1271
-1268
-1264
-1261
-1258
-1255
-1251
-1248
-1244
-1241
-1238
-1234
-1231
-1227
-1223
-1220
-1216
-1213
-1209
-1205
-1202
-1198
-1194
-1190
-1187
-1183
-1179
-1175
-1171
-1167
-1163
-1159
-1155
-1151
-1147
-1143
-1139
-1135
-1131
-1126
-1122
-1118
-1114
-1110
-1105
-1101
-1097
-1092
-1088
-1083
-1079
-1075
-1070
-1066
-1061
-1056
-1052
-1047
-1043
-1038
-1033
-1029
